t = 1
b = 30 30 30
E = -0.877929777193282 -1.17032337740302 0.292393600209735
-166.439567861108 18.6408733562957 -121.788516462009 -0.915477133778486 0.0360753605687654 -0.400749530116459 -0.39883819004946 0.0503132908253495 0.915640033487175 -0.288971509682514 -0.0815187850428567 -0.292901306448281 -0.113221849183484 0.386042243338602 0.37659968003177
-166.730389241698 18.9924689919493 -121.608465037561 -0.806227543648803 -0.573460576143784 -0.145396408039737 -0.475645197281959 0.482175717093052 0.7357093340093 -0.784022231031265 -0.554643297290584 -0.265566311979328 -0.113909639777942 -0.0722520125989236 0.210289517498394
-167.138058310434 19.310875176038 -121.512834503718 -0.318318905480996 -0.883711113691691 0.343114764985669 -0.417428104513432 0.455626796219359 0.786230246256912 -0.192281281607212 0.162509193602195 0.0396238490011843 0.249200988248812 0.558763931853222 -0.0332169864271018
-167.604390438129 19.4987984190416 -121.204899778216 0.135225435011352 -0.935778064513274 0.325627848473959 -0.611259121752071 0.179861758628888 0.770721761635034 0.758108585818582 0.414561303425367 -0.36821591091794 0.07391974068015 0.222652435918005 0.105609901029095
-168.074813003796 19.4778134037448 -121.002470030936 0.552704363449152 -0.574618951440975 0.603598332725615 -0.720565496481935 0.034375519978263 0.692534251070635 -0.436840071463699 0.337399459739554 -0.072087872720495 -0.369105681157228 -0.27419275648188 0.384571638593226
-168.466572129727 19.2762466423288 -120.601149977652 0.844984738479113 -0.136467564601956 0.517085481858653 -0.534703649892104 -0.198171127897877 0.821474412784564 0.205616068019322 -0.184142122905555 -0.0984094400903265 0.321073936309773 -0.560660198644722 0.138165646278015
-168.591834712508 18.9049335098467 -120.251606357732 0.704209910420313 0.548271914920005 0.451094568107137 -0.487122210971807 -0.0891221728568331 0.868774533399325 0.317074164524534 -0.472040069333232 -0.257974139450847 -0.0204269232329079 0.201298336043305 0.377204983008757
-168.597944680846 18.7125518097968 -119.717180974388 0.403788259189787 0.891034157724354 0.20739617042977 -0.472396581974468 0.0089351046923496 0.881340815600286 0.100590747143715 -0.0291028088505961 0.427693909198923 -0.232084923269091 -0.218120816299968 0.123476312012379
-168.615318524818 18.7099071890899 -119.107046029219 -0.0282164389165939 0.930671668267684 -0.364765785756712 -0.457669124454638 0.312388354450471 0.83243767846287 0.528710898946131 -0.288313973531671 -0.127186563666234 -0.348112890219382 -0.0522343502972607 -0.382075194167681
-168.699913434494 19.060620158038 -118.647571696427 -0.433014696310112 0.538018459141992 -0.723211179671567 -0.638444611097451 0.383319025442024 0.667424155462478 0.0658121039596455 -0.159556052953645 -0.161373113707511 -0.143004945409785 0.41926021813858 -0.501876881077217
-168.8392873983 19.5608344521686 -118.328873163651 -0.638939544604289 -0.0184543685732032 -0.769035561350337 -0.695175514010058 0.441900399358277 0.566970053678187 -0.140938218603006 0.0709909672656289 -0.0163581571761271 -0.391918779708049 0.271049519271019 -0.0682849762597391
-169.169585810208 20.0035684354741 -118.260487137224 -0.678766149907819 -0.578588381344148 -0.452230028539542 -0.720973225957642 0.408021685993896 0.560103482591323 -0.257603357645946 -0.291089951970513 -0.498424107780239 0.302973229036546 -0.648230571575752 -0.0122130115709431
-169.702948905472 20.2975544620345 -118.336748165866 -0.24092820081297 -0.966941431843954 -0.0835336425435077 -0.824856185270591 0.158648273303959 0.542626021306129 -0.254534726423919 0.119337341956504 0.0602977758356977 -0.282817485913598 -0.219516604071451 -0.0370161461394314
-170.250947555669 20.2798072205112 -118.425147358215 0.127774680363855 -0.79705132171297 0.590239630670053 -0.878441114368559 0.185339101902239 0.440443669375547 0.0396823769592716 -0.437423543547552 0.291288588167224 0.115026532572968 0.101951743463024 0.577433503252243
-170.759452476762 20.092189704939 -118.339335436663 0.445411920028414 -0.26060663888523 0.856558463425319 -0.852040339319411 0.170491459753525 0.494934260607986 0.330022410089643 -0.224940234020861 0.587319654668064 0.268481893643417 -0.217563902136381 -0.0287021336833917
-171.193361893449 19.8834757857362 -118.125880329974 0.612201653900516 0.094793945811537 0.784998880762866 -0.79012175453681 0.111356689259214 0.6027497828825 0.235026990910153 0.433961898168575 0.179957180407316 0.163076606974526 0.00613176829968059 -0.65131610517762
-171.428220083861 19.5858118687535 -117.691111736135 0.411219984398532 0.760282512717692 0.502860443151917 -0.725464263036048 -0.061042235000989 0.685547553860158 -0.00723670981796407 0.3125644610675 -0.247205927692786 0.0107599809701082 0.267460624399461 0.377894410422873
-171.683809982602 19.5435827937963 -117.171659976417 0.324321032851573 0.931295847146463 0.165843036446639 -0.569375384603952 0.0521848410126395 0.820419657111888 0.630140705940536 -0.119207336805262 0.0336134273947875 0.470396744494841 -0.208482653501212 0.0301902849113106
-171.596649117332 19.5653642663497 -116.622424619587 -0.380457276424223 0.846928318832618 -0.371435975068678 -0.702953920994862 -0.0038603191497001 0.711224917233651 0.201062004099465 0.564009925123013 0.247219004087457 -0.05631370885854 0.062476088807618 -0.0805442942197709
-171.721063195368 19.8316871342479 -116.204487000272 -0.638572343702154 0.433684009500054 -0.635722849803824 -0.682408119309481 0.0627483171284994 0.728273168116221 -0.302377178279902 0.0307782380981212 -0.369620821270876 0.0912934878852803 -0.0541676274810868 -0.0237714671469078
-172.106402739993 20.1415841555761 -115.986898075668 -0.59365168974283 -0.414793727798506 -0.689582362480726 -0.763242035260946 0.018654464331241 0.645843329741233 0.123602240251262 0.163698891824653 0.316680276767672 -0.241560830414203 -0.0832205933547208 0.40300582342689
-172.638513764959 20.3264934874579 -115.974934545505 -0.337030139532932 -0.901734311468506 -0.270713716990534 -0.786955678419452 0.11197122865682 0.606764537655639 -0.222333614726648 0.225032105946316 0.135994469387297 -0.385452129297732 -0.488772297505682 -0.125515135228539
-173.141971474151 20.2848644002044 -115.881155175881 0.194254996617083 -0.948652595853331 0.249646247057778 -0.851962589809481 -0.0370098533928652 0.522293036826034 -0.294876477330453 -0.295590314378344 -0.372232915570145 0.0925583123486341 -0.0797468577846947 0.0264487030761613
-173.521343737612 20.0052744636685 -115.872947022699 0.374801556924545 -0.101853683365824 0.921493147078019 -0.926747793337546 -0.0687516624537832 0.369339595025812 0.0351823093599433 -0.312872789717594 -0.328549398855099 -0.0169376778422823 -0.0246574752499928 0.261026451695884
-173.832909498047 19.6747478413721 -115.80322630154 0.131785007716095 0.679030117606244 0.722184748610021 -0.939799854638481 -0.146138060992993 0.308901117431936 0.141004115712107 0.258678544020649 0.186096045107513 -0.00136317312385496 -0.196068181956877 0.31667768768625
-174.150223163341 19.5614085091995 -115.406369769245 0.0457175210074485 0.998869581689559 -0.0130179510008601 -0.826257657975574 0.0451348077269577 0.561481194492007 -0.406679075428807 0.347417907729486 0.0265032364432284 -0.0725894999473423 0.0886583308907252 0.26487141131633
-174.376106831717 19.7290123884838 -114.931125244929 -0.306614776985275 0.572883194065332 -0.760126452961461 -0.943014296760945 -0.07437312146816 0.324334202494192 -0.144402613442936 -0.65153527040814 0.215297607070431 -0.180591688514246 0.454544065060494 -0.107527437067288
-174.805198156474 20.042006094381 -114.809365010755 -0.139174332704536 -0.291234394042244 -0.946474000088272 -0.982626017441897 -0.0778952252500597 0.168459026856741 -0.087948131590424 0.201869721424586 -0.353083139266359 0.324045787699881 -0.225358363767265 0.094156270534078
-175.128713913646 20.3923163967498 -114.810285142328 -0.300894936508893 -0.854004187122445 -0.424427950965344 -0.886140091043834 0.0858965340370971 0.455387224771665 0.323331527413168 0.465195502926586 -0.50310008501783 -0.283635934414749 0.267764782674305 -0.0626345518723108
-175.127684980543 21.6157107078529 -114.29607000462 0.578320882922834 0.798026414420364 -0.169407196608439 -0.721969545456527 0.403949392094968 -0.561769404702144 -0.270822521659992 0.203750821987245 0.0919904699791078 -0.297645610981379 -0.476805005668743 -0.408679722836023
-172.415054808252 20.4900940242876 -116.856111566033 0.636614837709929 -0.542461485828357 0.548139658116846 0.627019514121786 -0.0497044347123185 -0.777416232195089 -0.418265813473695 -0.449074281411007 0.556563483650109 -0.166553761527373 1.01283759434071 -0.396408999345816
-171.954330361406 20.6273275959344 -116.955579818711 0.248026269922337 -0.929181318758922 0.274052999067412 0.843063111357154 0.0676764303958863 -0.533539587132639 0.0861969958571772 0.0292954543852832 0.0608324464564784 0.316324667578561 -0.237963439525756 0.387774925584941
-171.379161037935 20.6789356325036 -117.041316815929 -0.107628179214893 -0.993960985955162 0.0213947058387746 0.892485280315443 -0.10607716986085 -0.43842634324887 -0.0151575929566425 -0.447799100502245 -0.173685450229651 0.0691329345908824 0.147965829065225 0.172112681628151
-170.927995993288 20.4713379596508 -117.029048027023 -0.412071527716266 -0.682341099418128 -0.603827525118259 0.907022602969046 -0.244174548634097 -0.343057994372075 -0.291180237905614 -0.627213374787393 0.319294775682671 -0.0271665198348678 0.0820536281432199 -0.169942676953665
-170.450796894155 20.076091963357 -117.16904745117 -0.592885218695657 -0.223592981094437 -0.773623484815129 0.794960512144436 -0.315862270991481 -0.517946724958427 0.573363755468507 0.278299595860606 -0.329288207773437 0.386828653199641 -0.165164965887943 -0.520099142428707
-170.295651312744 19.6069393941291 -117.367868287702 -0.389286717574587 0.494144163245569 -0.777352814010691 0.709715588847935 -0.377048200986003 -0.595095317642011 -0.212918309548148 -0.186162463581952 -0.0969797353882212 -0.243294398426752 -0.220033334713901 0.0282910846047797
-170.132260415803 19.2785157992409 -117.803017857339 -0.00554293136903355 0.900002269012397 -0.435849964648815 0.68039948678578 -0.316015201755486 -0.661204152014403 0.391565992876296 -0.588579023892633 0.0944557766443053 0.0803246391075096 0.234460281549691 -0.194011789932369
-170.069219203775 19.1582830672723 -118.301273665965 0.408947118635613 0.912349449776373 -0.0195124486515196 0.640509010052998 -0.302197745833001 -0.705992018690282 -0.429208958665657 0.623565412732916 -0.477977395129354 0.142496406201124 -0.38265598142052 0.124535981667541
-169.917800309473 19.2515596912227 -118.806787013729 0.60424599000679 0.640398642212908 0.474105855914666 0.718607924339188 -0.180934930341386 -0.671464967112419 -0.254942573537281 -0.198431517377918 -0.793640421393374 -0.2593686416234 0.562861763147063 0.398924566590721
-169.625977798512 19.4141851272646 -119.21673221733 0.619412448789793 0.10100830321787 0.778540648242132 0.771380431459546 -0.26266442421866 -0.579637498969109 -0.0515305317363788 -0.0369326234266839 0.506390931390292 0.722409782348172 0.433228783234537 -0.0565989840685769
-169.230030538386 19.6190879167177 -119.519135433779 0.505034050212464 -0.424653013943796 0.751405633379498 0.79248126910675 -0.116743478448982 -0.598618742067593 0.314523755507871 0.0607079921068802 -0.0123151556012436 0.538782239895711 0.281597511030847 -0.244087003888249
-168.713269436142 19.8459806140949 -119.594875996124 0.177139870039599 -0.876295160295012 0.448027073384962 0.758833449232092 -0.168282148525024 -0.62916843119655 -0.361778565486959 0.360672730732236 -0.305153835092592 -0.420883214548723 0.178971637362768 -0.525702734572833
-168.169044582043 19.8462256415852 -119.457268768077 -0.294463531093894 -0.901826699951329 -0.31622750056029 0.816912397297406 -0.0658157104214969 -0.572994264721312 -0.583123680829903 0.177087885610808 0.430697703312666 0.170807218708515 0.327225055724566 0.197171926462751
-167.746445715775 19.6253565452867 -119.674487035478 -0.673787359201479 -0.539171966678435 -0.505276345110679 0.697204104520778 -0.237365441982241 -0.676434833218956 -0.119931179563504 0.151601005695015 -0.0359053286653624 -0.0689934507489385 0.476938420430539 -0.419086084537703
-167.438996174192 19.2202236460457 -119.976425784869 -0.819299861919407 0.0927436925814056 -0.565814760982078 0.532327355764654 -0.243585261997149 -0.810736582647158 -0.251297814125516 -0.229694281590324 0.0266113327063653 -0.00776248219923575 -0.0571454484108423 -0.68953105779976
-167.318592024493 18.7509984247303 -120.354725764144 -0.745941016360313 0.478923674537375 -0.462821903197075 0.259679473616898 -0.430773637430557 -0.864291990172822 -0.429844035161618 -0.618563755201111 -0.354419485508979 -0.274722314223379 0.124068193091603 0.00844004561931726
-167.394292697887 18.4185278221386 -120.740215389074 -0.18428499027845 0.91758045420832 -0.352257224784566 0.275440620312618 -0.295821199411134 -0.914670586966017 -0.613352472705204 0.00649247592674434 -0.195484574690761 0.240849251961063 -0.0484454288095182 0.368876997737243
-167.582796839162 18.2832899744638 -121.183772339325 0.4008359573327 0.895716147844973 -0.192413923090143 0.157999095382036 -0.274463915164518 -0.94852825215226 0.402358911409349 0.0386195581988085 0.242832592777436 0.085918054451542 -0.135919830385175 0.474692048082393
-167.622763518751 18.2587726927561 -121.777650198413 0.670241615374059 0.736764897634808 0.0891833091668072 0.257526181130707 -0.118187676739556 -0.959016130781511 0.0319737873877635 -0.153589589416871 -0.11201556793741 -0.0504979793752058 0.0886032745409632 -0.2431443464694
-167.531407785363 18.4661448985695 -122.325372168058 0.878185728038432 0.215898410983027 0.42682280070846 0.40045981892484 0.156124336623599 -0.902915901366526 0.164083503170278 0.13911849253251 0.549745369489795 -0.175250521366321 0.187875000522413 0.0387088843340666
-167.355809473852 18.7409286238732 -122.696703195113 0.856813648290155 -0.245054457953559 0.453672442121848 0.511915707339626 0.298912677736498 -0.805353040391211 -0.166294026228093 0.181623701572633 0.154644922130698 0.0134271265994864 0.278154810973032 0.169368573521495
-149.026836247342 44.0744594302494 -88.821030818428 0.130346870088446 -0.980171810134466 -0.149241133994187 0.816452310939455 0.0207144517693855 0.577041190427094 0.290287076339261 -0.621655549945276 0.524969011451801 -0.162642205703143 -0.677695256949559 -0.260679974988924
-148.871741382363 43.8666175847421 -88.3942561374856 0.533343606648707 -0.444242151947928 -0.719856588272708 0.784945901608602 -0.0572706744301414 0.616911664177437 0.484493530456151 -0.64937343682768 0.153918776543595 0.00370701997860335 -0.288715079054052 -0.0908948403374729
-148.48039622594 43.6163721608819 -88.107075122632 0.363401816617181 0.254631247849967 -0.896159610391866 0.921260739605058 0.0449173488963738 0.38634321714049 -0.24028813708936 -0.726116110071267 0.186019965843632 0.154816252512003 -0.131154052209364 -0.394088976141342
-147.997710476716 43.4427960289245 -88.2313851876723 -0.0121394118366237 0.987980392023193 -0.15410184832752 0.860856934576902 0.0887297200948682 0.501051269794565 -0.139671920396072 -0.0829876440330576 -0.273671524291316 -0.109603505118457 0.0609711467303679 -0.486785763492745
-147.502838691232 43.5090196954981 -88.1800174766894 -0.421272800122507 0.840469485345136 0.340793591607332 0.819984154710983 0.192421385990089 0.539073275387092 0.152948257832138 0.0594232726047127 0.409795208419851 -0.0513136153859238 -0.0180217999989164 -0.421833024750096
-147.078807292578 43.6658101425806 -88.1143013927213 -0.584533699208837 0.113101650334748 0.803447802399626 0.802576870685884 -0.0647873438868969 0.593020207676041 0.333882487344483 0.0832369319971012 -0.467572982059781 0.167030123106495 0.289651750260033 -0.338462434246173
-147.351025730185 43.4354138903193 -89.3926464491232 -0.899375640572217 0.375631614177453 -0.22366123395831 0.42596196318388 0.637803454304936 -0.641687743062952 0.0554199085291415 -0.258692626158091 -0.142896987277637 -0.000398707604479124 -0.470020156834544 -0.0398488373024866
-147.32891856956 43.6443861282149 -89.8236312129955 -0.406130171704224 0.748994413359705 0.523512800595602 0.43445595869611 0.662259642008435 -0.610458996592158 0.0935184859546526 0.116384422287009 -0.0303277366791308 -0.0792975479257501 0.0646207668245859 -0.370736776769621
-147.509715381643 43.9236844026372 -90.1852990233649 0.296134083814182 0.594997506503436 0.747183091121733 0.382211433409181 0.643089479438747 -0.663588985446941 0.0681824699088135 0.0198246629046524 -0.651026947881685 0.2785871857983 -0.0960681833375907 -0.335633503426373
-147.179875149073 43.1667497262399 -91.2762820798448 0.207931854109505 -0.463551112722805 -0.861327295480663 -0.877629700613241 -0.477225406592413 0.0449668756332759 0.0629956650515032 0.0670746980263279 0.194899091395942 -0.142378811738363 -0.552157378030259 0.562850444495275
-147.599836998954 43.0070527546544 -91.4766517080045 0.60205449734446 -0.733283969322296 -0.31595094961441 -0.794633425701085 -0.588936307312094 -0.147349057303235 -0.0140686223716758 -0.123208084830927 -0.0722900745314022 0.788254415454322 -0.201656586256227 -0.242170982590995
-147.830953987483 42.8063375111885 -91.7985244745189 0.292250885959429 -0.616283765121917 0.73128909502541 -0.911620281155963 -0.410627272532175 0.0182676226671715 0.158292370220772 -0.342814854454945 -0.357654686525006 0.487220407538441 -0.450642397396583 0.141855218408201
-148.810470223882 42.6833481661252 -91.772598728981 -0.105390215187937 -0.553329292718809 0.826268477168252 -0.982337364565536 -0.0712605972239519 -0.173018003287873 0.368675536629988 0.0608652793318836 -0.0760429369486254 0.112060337352801 0.531228252319701 0.127556783155421
-149.146564645307 42.4139166416117 -91.9114925629922 -0.386139645044722 0.237850527440169 0.891248170332579 -0.865618748077563 -0.42729671588567 -0.261001340168883 -0.563308726530308 -0.565069622457591 0.0234954426527264 0.529937168394774 -0.0717507313166666 -0.172305305406437
-149.439678895039 42.0813222145749 -91.8512902446706 -0.556475570775242 0.767173780271346 0.319028729105297 -0.830655934754504 -0.505098103226998 -0.234278945220459 0.0098521246316147 0.128779014171624 0.00969806861747215 0.341094505571926 -0.511097824628163 0.0663822216144634
-148.774703544413 41.5851475787425 -91.8876303827122 -0.834829225615765 -0.470792120553326 -0.285333039241314 0.417012610305863 -0.202445807686781 -0.886067817831083 -0.351710880868348 -0.0981300568701999 -0.0572116629918819 0.461536447956067 -0.222963285214821 -0.173380717206542
-148.672658197695 41.178424970196 -92.1643884314163 -0.728576650400574 0.305651421102109 -0.612987172189876 0.567172771410805 -0.232558998709377 -0.790083134543118 -0.200774095166595 0.083293038493021 0.210794708095584 -0.0475405128033951 0.341343866062751 -0.459145620792195
-148.455541457688 40.8406329374536 -92.4753936698477 -0.608885534501172 0.592371302964888 -0.527593257442609 0.392952190102444 -0.352522120292565 -0.849303674193234 0.349054993938399 -0.560212132094094 0.202120387375626 0.396897820744978 -0.468356339970291 0.018944130181052
-148.638961909792 40.5777152751257 -92.7970825262105 0.241137495055077 0.867256185555734 -0.435567924776239 0.319660600956032 -0.494744137432561 -0.808112206734027 -0.146709430342906 0.0585669501674676 -0.192908762538232 0.297358044639551 0.373718118185551 0.000304270378425044
-148.717090389127 40.5030861975393 -93.2247641007819 0.909059516651781 0.411358918160965 -0.0662920480470387 0.196602242597286 -0.563748663817883 -0.802206333962323 0.646307671190301 0.182975482270196 -0.147887111277073 0.0209026637067002 0.103511515533273 0.582541378387857
-148.401983284407 40.6302252372054 -93.6315002241296 0.877852798215828 -0.149650455949243 0.454949673808899 0.366483921998165 -0.401643430519579 -0.839268782713444 -0.128616919181568 -0.186969526930709 0.285652280151818 0.443688757100579 -0.23601536259414 0.0353266583608878
-147.992688825738 40.636911781426 -93.9012610998573 0.0830001157400068 -0.96732474505466 0.239570069900399 0.0490992317514945 -0.236138174614172 -0.970478247016026 0.559740332084906 0.11055575206521 0.367522081423145 0.0339085808317864 0.527561454572102 0.211443109504224
-147.586059924682 40.5153965364107 -94.1593944258854 -0.599342128251653 -0.79782793524587 -0.0652656038360879 0.174167434733689 -0.0503893007263069 -0.983425962160141 0.249128198109615 -0.544369743631641 -0.137295360642723 -0.112562428795726 0.0467416727978365 -0.52129772769924
-147.32323321371 40.3584780100047 -94.497427850062 -0.847388670021759 -0.519472267949502 -0.109913624042499 0.307958557042626 -0.312200167448057 -0.898717187211655 0.312720511950346 0.253189710443028 -0.151543740750459 0.498297405794558 0.0597800338463127 -0.327742157847631
-147.164464900374 39.9684522949691 -94.8358734727014 -0.916078701382903 0.24047533509929 -0.320891611111133 0.28797112710116 -0.162366061874082 -0.94377428016851 0.113501688600364 0.144264054757979 -0.0924295479781158 -0.000660236596139869 -0.354478283734271 0.193313067326205
-147.241260086146 39.7132793670793 -95.2282473874688 -0.323371571759278 0.907834909504314 -0.266958055999866 0.297430153247315 -0.170304500111577 -0.939431573442699 -0.1683916238517 0.0493715554466865 0.337645302893648 -0.100704967073068 0.538454268848624 -0.477311493530902
-146.79744970854 39.1746620803398 -95.865211334937 -0.0822181323733782 0.720071628330427 -0.689011631819522 0.394252104063023 -0.611456604596025 -0.686065666782546 -0.134529771957965 -0.229327235463443 0.667898931939833 -0.139740072273828 0.143892848205729 -0.285840483903234
