t = 1
b = 30 30 30
E = -0.858587741423771 -1.13502545765993 0.276437716236157
-168.913511615253 13.4721952104243 -117.214884497165 0.153131022821735 0.750513057179762 -0.64286938086384 -0.16423572493408 0.660823023815249 0.732352072333415 -0.0252190909911017 -0.152224127644922 -0.052013362679682 -0.043700369691636 -0.314964478956588 -0.0265447544427624
-168.692276287974 13.9572293182217 -116.927849597619 -0.42555179745938 0.427149801218053 -0.797777359291719 -0.207215399890977 0.812166518377 0.545387316019912 -0.142820709616922 0.191653946758781 -0.21441126284311 0.218808163899521 0.219329814995423 -0.265791710586608
-168.546724739283 14.5198016519848 -116.923794287803 -0.90558682115913 -0.0789077584521279 -0.416756613623541 -0.305762613263063 0.802420379959758 0.512475129304613 0.226206621271336 -0.272363568517833 0.478250264543914 0.0526871501145093 0.128055819757421 0.0938154171209378
-168.753166847086 15.0617662103419 -116.903389574433 -0.861199256184679 -0.506796273433838 0.0386442541722647 -0.440047518171325 0.781498396209957 0.442287732672433 -0.466198390870589 0.33806068961992 0.151247193600312 0.530745361152366 0.160473844248619 -0.385165769412115
-169.110099907219 15.4755508183914 -116.922709508339 -0.60827398640733 -0.733966361530721 0.302152507190472 -0.67803943574227 0.67839438657281 0.28291974099522 -0.407745876635591 0.2668639879001 -0.0426336999311216 0.033292736557433 0.160703307055955 0.156981600313142
-169.624116395603 15.684986377473 -117.112842270284 -0.226202590933941 -0.524843632323817 0.820592194371793 -0.596567546569761 0.74059671881632 0.309230759236913 -0.11626073873182 -0.165906709983995 0.0284064357907008 -0.397469084663711 0.300150744221043 0.167765335237124
-170.108329859781 15.7553307112882 -117.085217323782 0.196775542925175 0.0012256707540135 0.980447797405708 -0.758165964767597 0.634248578582332 0.151370771400262 0.446590315657307 0.198697003294226 -0.555815021083555 0.212648382505831 0.467369863724705 0.0767200689378888
-170.568312005775 15.8104042144732 -116.83300988933 0.51123076178658 0.344627552139239 0.787321381971574 -0.753234028346432 0.620800755950889 0.217358965657756 0.34289027551631 0.217539268967383 0.347936677420174 -0.12138696784483 -0.205192622522844 0.0808356526887391
-170.979485201087 16.0009745898649 -116.505837999882 0.831146709133531 0.458757987065409 0.314223260119609 -0.548133890044034 0.770983253340418 0.324243830556295 0.406970264398054 0.199815200216233 0.807612814190921 0.116218308813541 -0.329416109152966 -0.188348551486717
-171.16603125602 16.1988056758364 -116.062123504659 0.804722655409389 0.583023191511987 -0.111827572762893 -0.467317447560083 0.738301650216116 0.486338438223928 -0.0013748539902237 -0.382890102900544 0.00752619035531585 0.575624850610123 -0.0280189770966384 -0.189551756768576
-171.139195759175 16.4115118307589 -115.614172589882 0.328446960304786 0.752443152207489 -0.570921970993065 -0.312719099137752 0.656994649086037 0.685977256260578 -0.33082735533145 0.129467851332362 -0.433189812631311 0.0163142173614561 -0.252384746498186 0.0227971472432884
-171.036210291091 16.8116216075352 -115.250165817091 -0.252797566905542 0.517905631558129 -0.817231391325011 -0.258288070738417 0.777887010000684 0.572869157998947 0.121100704841395 -0.0549062960393327 -0.472425481731752 -0.132419419853165 0.0143976138810935 0.201024902126855
-170.793961417325 17.2973899961088 -115.1304160536 -0.759460184939479 0.229171639864477 -0.608851859628859 -0.133676402853613 0.860953187055388 0.490805693751906 0.438971197371277 0.205093241869535 0.0909296270118861 0.263615879254662 0.400854035205774 -0.163965762098775
-170.846765633016 17.8055871629173 -114.993686709955 -0.836304122597295 -0.1481653186152 -0.52786594215428 -0.31542395398463 0.917524165975286 0.242192349392086 -0.366847228273853 0.89250421816607 -0.0598292743444602 0.149388582067848 0.274718063332229 -0.289314194162186
-170.925833786375 18.3053758244349 -115.15090355184 -0.916471833676459 -0.379199149466588 0.127622032273128 -0.337872465887943 0.904349946560978 0.260755385275078 0.174960082048378 -0.302035879397829 -0.274763315084781 0.0238754747883954 0.0347520336143089 0.136457761527021
-171.18996280469 18.7768187323599 -115.215799083819 -0.672985026389072 -0.555204512673689 0.488711677129646 -0.507745548826888 0.827231755299386 0.240586950333514 0.00313527473920952 -0.312511547576689 0.14323803578261 0.0288654118863338 -0.250321989776409 -0.300244671345258
-171.583112798757 19.0704692138526 -115.299191584373 -0.198337133714143 -0.367236736052657 0.908735143528327 -0.598845295508553 0.779379596509745 0.184260024399167 0.490383045777222 -0.0312133217752848 0.112053100043119 -0.141707720046838 -0.3065004727026 -0.520763085748576
-172.0534198478 19.1517305004579 -115.347793096465 0.266633184920686 0.0637025981463683 0.961690555058359 -0.713572429423936 0.683771500349693 0.152548101514085 -0.014089618840874 0.19979603252096 -0.0601577477268672 -0.418685206490605 -0.225586240462653 0.237215624947202
-172.524344041803 19.2814898293377 -115.125473980972 0.670373783769053 0.309197332643022 0.674533912803206 -0.647346333456903 0.688023529934576 0.327973088554945 0.261089802557128 -0.0397374560346407 -0.151060227064496 -0.0543463976692259 0.540705727027877 -0.545356880549289
-172.870624491978 19.4681989726234 -114.771746542044 0.8527303527054 0.508353906815916 0.120113492164368 -0.515017276197021 0.779830023198302 0.355840329554053 -0.00554091153502731 -0.0262549672867484 -0.235918459606252 -0.33309604416551 -0.49171870001863 0.191614342529084
-172.891378535758 19.7381343275296 -114.355906951233 0.283576622033371 0.670366939498679 -0.68570581583017 -0.613759708064558 0.676292790080628 0.407341481857018 -0.0563506588781325 0.00716994214325259 -0.266018976822661 0.134626280514889 -0.0922049818235973 0.35799346820333
-172.870140898689 20.1039205138385 -114.093876133912 -0.352280499746807 0.236305304961662 -0.905570677719368 -0.469337901233008 0.792527617449819 0.38938658174815 -0.329998849686677 0.05174676651664 0.280120108328284 -0.03157879917521 0.122503441724417 -0.24237733952643
-173.105857344194 20.572264363336 -114.008236492965 -0.538266525366641 -0.43029263826393 -0.724649841734331 -0.713141948015094 0.69074960213607 0.11955563194638 -0.146444187024355 -0.0227281023670003 -0.342723182993752 -0.0981794413057468 -0.609648059753957 0.404863157551267
-173.48232419932 20.7956733962199 -114.216833897711 -0.602212801625579 -0.769454457562068 0.21278998871219 -0.772217206705017 0.62905816324266 0.089254764166808 -0.0139501729763852 0.00561648424512451 -0.0730092097044071 -0.599922386725486 -0.0639212439373826 0.536011848021509
-173.882421480374 20.9584852011948 -114.367547333961 -0.0210293316423084 -0.261246156314886 0.965043114591973 -0.613065290069838 0.76585179529149 0.193963856840357 0.507339197980738 0.151523241947703 0.172407609170422 -0.591171111454061 0.26767258078965 -0.058933100177885
-174.317589506971 21.1663681218923 -114.194939123034 0.717845202831202 0.149668427703386 0.679924721216273 -0.474878299268583 0.819425372817086 0.320987007941688 -0.48094010872002 -0.019039179496077 0.447016441111212 0.380672045503046 0.0722461376632139 -0.00413552755761452
-174.565069335326 21.3963885842238 -113.871947426535 0.889599606862034 0.426236851233322 0.164117903111199 -0.451215762745729 0.875865416848632 0.171067551038652 0.2688610822236 0.158241979791826 0.21881294116691 -0.0889666555865113 0.0364548728622596 -0.0721335460073925
-175.894805049019 21.2652492513909 -114.736938700223 -0.658764904632016 0.710126163581861 -0.248494732784573 0.541955084560476 0.218816228559519 -0.811421064822718 0.0702134929659845 0.305230650202467 0.751126188410714 -0.213481293887157 -0.449426572681731 0.467140598766715
-175.9257513681 21.3047757374138 -115.277281217182 0.128088388444604 0.961548201213218 0.242937073105958 0.595681647162435 0.121258374637835 -0.794014975812194 -0.153548358924146 0.337926341574072 -0.219204230217133 0.229233676554163 -0.176893809381006 0.0814947828735745
-175.900271147759 21.5824373955081 -115.660928046868 0.738789579133571 0.499245108537593 0.452707719577356 0.498570640322746 0.0470929833487143 -0.865568927080614 -0.0478210368081612 -0.367162300661169 -0.50218269793873 0.156871598220487 -0.0848101696889371 -0.227542078323106
-171.856008605354 20.1095798182586 -114.587055519051 -0.818797514474686 -0.548185406511808 -0.170479882618334 0.48964628210873 -0.82189093250054 0.291104471780304 -0.402712496241503 0.443782197626252 0.0629619045867509 -0.539596511316618 -0.345500812256297 0.330259259371498
-171.782758275742 19.6337772694541 -114.28000453781 -0.65170534274862 -0.249013986426758 -0.716430164633482 0.388605016925465 -0.920797065390133 -0.0334500401984704 0.403248857877931 0.112583304792429 -0.428101121112732 -0.105219507619868 0.209134321877915 0.298928827645317
-171.774446887173 19.0640580376857 -114.227568289977 -0.38505140400845 0.100823778816663 -0.917371234504467 0.29581815759351 -0.928084352365378 -0.22616598447273 -0.125743005250082 0.0992555076513184 0.274520537425038 -0.171403388430509 0.155312035709345 -0.287016057420501
-171.899446089816 18.5681729997256 -114.266954965383 0.252852394596826 0.393210388309291 -0.88399731734452 0.256808690048049 -0.90818978637304 -0.330515670798674 0.0224826597006802 -0.44402245578964 -0.279470063390707 0.252134253845308 0.0723525084466533 0.151297649795598
-171.927152528524 18.0721093438652 -114.622413069753 0.549762701816829 0.644955456649556 -0.53084218994822 0.371869143940743 -0.758015996560226 -0.53584054413938 -0.108754524246735 0.472713785041142 -0.164468599386887 0.154148760884417 -0.273139600589447 -0.445607305874094
-172.052417947205 17.8589073232016 -115.03909074312 0.920902876009251 0.386785570350408 -0.0483199288761732 0.291135016242122 -0.764943355070588 -0.574545094706282 0.593748638669695 -0.17058916397242 -0.190545966771326 -0.249303400636979 -0.355383402391899 0.686669328664975
-171.869550269764 17.6936997313348 -115.506264097322 0.910777530812716 0.0815673055249998 0.404760502070156 0.350660440818083 -0.670360644430618 -0.653952491885943 -0.555881867529259 0.085603249652239 0.440060122179187 -0.335538829629379 0.274542615308528 0.169956625633799
-171.598499540137 17.66738935488 -115.919068223997 0.620933344432099 -0.36434014451597 0.694044696591258 0.476742833742174 -0.527299249179845 -0.703329064016164 0.0738355106537345 0.00309261981283881 -0.0220991332770079 -0.336485915350081 0.0157606355136538 0.58308127888097
-171.302723214687 17.3861184565124 -116.292397149979 0.260724921343283 -0.348687589661793 0.900244122561424 0.519219356530818 -0.735503659012017 -0.435253520817073 -0.207259740065009 -0.159432044535707 0.180342185617438 0.582336824576239 0.0846312820875713 0.222838632321953
-170.768717321507 17.2203629259378 -116.400639682305 -0.208908621947259 -0.59025330163025 0.779716761132328 0.508662806491443 -0.746551912965548 -0.428861738255734 0.0837999707682673 -0.282167126265758 0.786957136352255 -0.427053841476435 -0.259866907183449 -0.0232142868105088
-170.31708368998 16.9125629671852 -116.376782503424 -0.64360444666334 -0.61543887692517 0.454981653480953 0.562802025960967 -0.783433687204518 -0.263601095079979 0.124048855895931 0.358394270928567 -0.181122276047891 0.362333405725336 0.0323525397685539 -0.121911275281007
-170.006479818544 16.5846581804318 -116.19291341177 -0.81091675122443 -0.525746679805041 -0.256913314675575 0.580277688678748 -0.779104614692571 -0.237221001149538 -0.0084077037996857 -0.189412411585605 0.121792104484238 0.134705100502492 0.333820702737096 0.0962336210592251
-169.93437909896 16.1834660796717 -115.901536355767 -0.516433789010374 -0.405033553085661 -0.754482579284103 0.645325387561132 -0.763237978961631 -0.0319833025130043 -0.340872939892194 0.274125146300602 0.845045232465088 0.175321701711043 -0.932438686050371 -0.0130932834446438
-169.945226177588 15.6185232513763 -115.935156473222 -0.0439627278591543 0.24967704724114 -0.967330683189636 0.514314309160306 -0.824441834898131 -0.236170388200465 -0.178207560690415 0.124913687511476 0.0922574248209155 -0.227269515983589 0.103797707071112 -0.178644101129101
-169.923658840184 15.0935153101056 -116.19159880451 0.262569106035489 0.495168699960005 -0.828169924070925 0.484004954126955 -0.810087302315624 -0.330904468098511 0.0772397680341072 0.42504916335296 0.0664240937248426 0.0219228775783405 0.15164058307898 0.555799603707502
-169.87275492727 14.6654537206789 -116.490569744701 0.619133408442136 0.661003337124536 -0.423967464389721 0.491413885522406 -0.747236528493551 -0.447381228484921 -0.413189847500077 -0.258900738858429 0.333347140444036 0.0320730506084561 -0.0791296123572821 0.0035917815886373
-169.785448857218 14.5138843880772 -117.02835916573 0.899819717275956 0.400261874737204 0.173536474648063 0.427812385734126 -0.731668371485866 -0.530695729000806 0.355214135493532 -0.148232091464624 0.134156787984792 -0.484092133484693 -0.662550966006497 0.168629087727726
-169.612231279945 14.4538321064752 -117.496664487884 0.766905318412819 -0.0977864746436521 0.634266535430412 0.398222115800558 -0.702526973528677 -0.589809289475813 -0.246296090787718 0.394621134823211 0.0923308683984496 0.241652932904179 -0.270241694281116 -0.233609338985823
-169.265798352288 14.4060482457976 -117.852301955579 0.447648742364738 -0.434699449821337 0.78143905186796 0.547661488957768 -0.557536021178995 -0.623875371048141 0.43334269757687 0.0172330805153596 0.0319480896425822 -0.0950876928286078 -0.448088135883983 0.172790751865487
-168.768165761506 14.2913922188852 -118.036820718277 -0.232738507796391 -0.675802271610915 0.699374060624383 0.397280889429187 -0.722449668929647 -0.56589254347252 -0.178171265319667 -0.45841959054792 -0.478000350554012 -0.221745707513191 0.0647379956507611 -0.598799762860162
-169.256813957256 15.2939509518914 -118.098198590033 0.915440930722165 0.0459688969245825 0.399818412375011 0.239823855326673 0.735488253302663 -0.63367306055256 -0.142633350052596 -0.337156659770667 -0.574777823075581 -0.100247957899054 0.459318181392077 -0.795677956457462
-103.299934325785 46.5965931860945 -131.448027300613 0.744696230196541 -0.661972534296541 -0.0849699274336348 0.461731548452633 0.419084418027477 0.781775049314127 -0.206401821264096 0.141230154022498 -0.335971433702562 0.366418066755439 -0.243006571638886 0.0573786339590494
-103.195817028955 46.5766164910223 -130.937289521805 0.873183012696304 -0.129694430105797 -0.469819945445208 0.478516021626135 0.411251972608641 0.775818427257691 0.0512999270290001 0.143058495271598 0.477030658161686 -0.191770178448421 0.116477961493195 -0.160718050532091
-102.993048938506 47.6013159201091 -130.850532415515 -0.361687758993837 0.20859229204133 -0.908664525936256 -0.752012591456627 0.510809262986006 0.416594478045954 0.175151195428701 0.134245677203659 -0.306389994361191 0.260085958375576 -0.627108338554629 0.400417722086781
-103.24160520133 48.0515840883839 -130.901947714339 -0.721585760457866 -0.449224513987263 -0.526793438016602 -0.682742805692455 0.587888762487847 0.433876784601001 -0.150823103275425 0.192901588760543 0.0812285232010472 -0.324838490746839 0.144117179816432 -0.316974479663375
-103.547986517198 48.3138916156783 -131.056460012097 -0.619201690751135 -0.566850227507958 0.543387601758737 -0.473521625850689 0.821579360862661 0.3174659409389 -0.187961686213022 0.751132308161246 0.108568664431326 0.0567763186510647 0.318136643355582 0.556060109375276
-103.981729180913 48.6238708456953 -131.045811009031 0.130831062955997 -0.360148907433837 0.923675266227269 -0.509867786763309 0.774585203906075 0.374236024336071 -0.0562735788906441 -0.156295115304222 -0.309672484944867 0.339911250857581 -0.218906317795042 -0.127435435988132
-104.275057353633 48.7766362054122 -130.72961264676 0.765242050710449 0.391778051565494 0.510797966064873 -0.584885258022505 0.754604108985105 0.297459028524508 0.188594447711706 -0.0343095378206492 0.177911330626995 -0.081615355306313 -0.822134665897668 -0.222648908258641
-104.822911267512 49.1341339567617 -132.100544127701 0.914148575023187 0.0950687627707824 -0.394073994483662 0.0396765600199968 -0.988427266424732 -0.146414854345828 0.428875182166137 -0.0517297651666569 -0.201338241399058 -0.458105435243745 -0.124406554238333 -0.088327973254294
-104.834433927294 48.8761829079127 -132.517649445215 0.847328998769802 -0.219648624335185 0.483516338577535 -0.116329326908335 -0.965114465224141 -0.234566742562058 0.0617002081091441 0.458855528784386 0.464731140831394 -0.166487893681721 -0.0891093807248951 -0.425529736496189
-104.641115086655 48.4407840639587 -132.769718594246 -0.0173298044028493 -0.19416108176573 0.980816574190567 -0.124909495393902 -0.972858380418667 -0.194792683665497 0.198384524088956 0.194956041137078 -0.258424521291938 0.592504297250319 -0.143734570943998 0.232156215329866
-104.513494276533 47.9224703347143 -132.721660207091 -0.551232128651624 0.153769896742449 0.820059729042961 -0.395987860141955 -0.91333696016265 -0.0949168679479206 0.401138141358887 -0.130704316427336 -0.823282824442066 -0.363268768953098 0.287101466114052 -0.384017755655479
-104.468493737083 47.4707289638359 -132.569888261905 -0.937619211256008 0.298759729059948 0.177799997119481 -0.305183286450287 -0.952248289220681 -0.00929286541863457 -0.14474403154013 -0.0339176613994136 -0.212169925690011 0.134204597384015 -0.0201283312939663 -0.307756332018086
-103.622363051115 46.804978223587 -133.594364310193 -0.708896434327799 -0.445882823631896 -0.546492774872074 -0.222582679530568 0.876655959095966 -0.426534031648735 -0.186535310908094 -0.302564547497565 -0.0280493164894047 0.307346069593706 0.489425191900367 -0.174580349892188
-103.580737155443 47.1600980450718 -134.033345561473 -0.945197698924678 -0.317731553038701 0.0751529783249429 -0.314710988679016 0.825318597957843 -0.468834944804223 -0.406123355169044 0.2957298477127 0.634730576875613 0.129182775331779 0.573176653541096 0.311633309087479
-103.912247202037 47.4554569316105 -134.330978191842 -0.539884962748866 0.061352338654831 0.839499921107345 -0.416314238989007 0.847353085644584 -0.329659222021175 0.214853966273086 0.413245091076143 -0.20399867093387 -0.0600403112549517 -0.160915024376454 0.275979944267775
-103.785813891484 46.6576242950178 -135.021758515023 0.0376483330686505 -0.660847789185306 -0.749575081326778 -0.186378728781076 -0.741588305634606 0.644445307535049 -0.618177266536193 -0.136722720100637 0.179790086321715 -0.0816903117614474 -0.238877550136226 0.419824007620353
-102.308858721958 46.649829344619 -134.513947340324 0.492945685230218 0.154395795371912 0.856251417391169 -0.0624868911429226 -0.975305334878971 0.211836947183233 0.0799621550882784 -0.100359687570557 -0.309026934344564 -0.137732335060631 0.607788819642974 -0.266432715371556
-101.948090237636 46.3355354117668 -134.430652045446 -0.643417267225964 0.0234077841778896 0.765157693469362 -0.0628393422531711 -0.997774100767352 -0.0223172781290817 -0.00530987421044157 0.270136200409039 0.137244384937242 -0.0114061839217214 -0.340312072482754 -0.261955388788139
-101.727596172835 45.9462891404102 -134.163644925063 -0.983425848111667 -0.0785193315842467 0.163426790439669 0.0572816340937003 -0.989747831459579 -0.130835945048054 -0.0706605764546063 0.24005135975719 0.381934065515007 -0.218930589081441 0.227722715411658 -0.594359890638461
-101.718535080741 45.4984867987496 -133.950138224226 -0.752617877726104 0.0489535185863039 -0.656635274063978 0.00109271805539903 -0.997138295976633 -0.0755911678972317 0.0782039043512066 -0.212011883399899 0.171038888202043 -0.134473493659983 0.102962879903675 -0.615403475311876
-100.177433477631 45.6840157350221 -133.928977906048 0.990279031371281 -0.0758107128129092 0.11661979184151 0.0454519582889403 -0.616025278546477 -0.786413997637018 -0.0592804581967519 -0.103835303136271 -0.0700387013746186 -0.128780560989615 0.321149410416649 0.0161757623643706
-100.670384273276 46.1451134384212 -134.079848250244 0.66473410677355 0.536966835484287 0.519418121441639 -0.108955691195463 0.757510993520465 -0.643665869882625 -0.128702752818062 0.425241937800476 0.564853870920065 -0.00844958685720293 -0.100275998142172 0.479225559484774
-100.374425457001 46.1751197745597 -134.718505722978 0.712766990619428 0.0365765889290331 0.70044655058444 0.446689030004198 0.746265130541647 -0.493515212948463 0.160706823069941 0.00675703662874123 -0.0451504045653738 0.658848713372653 0.164638218970479 -0.328951214339948
-100.19587349611 46.6253777543667 -134.735760220861 0.850216233710385 -0.500037678809116 0.16460460414739 0.521646714929642 0.758171376922926 -0.391229942639757 -0.0157105970568167 0.0928421983361959 0.189025532505483 0.165066909499258 -0.146680292312344 -0.157567782359701
-99.8302919172358 47.0576077437728 -134.816577904665 0.656190967202618 -0.737592179697777 -0.1592833670236 0.65474658492476 0.661469697516169 -0.365738634542801 -0.543950220232129 -0.0265138337133896 0.124676372462257 0.0866912061467959 -0.352574328725441 0.179701094483221
-99.4125779517992 47.3273813249611 -134.868271475045 0.317588149642035 -0.790056827041688 -0.524354819994789 0.827323505209822 0.501074110356431 -0.253890830196454 -0.012459715432118 0.185884530418618 -0.531797530894015 -0.113277421626882 0.109651703326314 0.261325696031897
-98.8710588391168 47.5469097752457 -134.99572204688 0.0494967355926349 -0.758871886881859 -0.649356244650069 0.902453173949501 0.312545619946801 -0.296468386646101 -0.0899068395793565 0.415879025399394 0.406090276014519 0.320261272341521 0.325831554273666 0.0219784603136386
