t = 1
b = 30 30 30
E = -0.856976867028815 -1.17315162128279 0.316174754253973
-170.587788801225 24.1544726534882 -109.501834428424 0.550911538047365 0.834369117230564 -0.0180181424729603 0.0081775533023628 -0.0269857619424275 -0.999602369082013 0.264333994553858 0.00447355036923265 -0.35443670935189 -0.312715970493167 0.372462674418291 -0.258955245250427
-170.792931996601 24.4001648928774 -109.913337274956 0.897059143491189 0.441403341605497 0.0211656112209301 -0.0761457259945147 0.201574429777381 -0.976508872295942 0.13372559985126 0.112037466813797 -0.204336714302199 -0.338879059781442 -0.0833042291125454 0.252649910169111
-170.833714129324 24.8535614375935 -110.256243442413 0.927261454399646 -0.356334731937447 -0.114942394266526 -0.00944624478170624 0.284630104544376 -0.958590878345179 -0.151387797977317 -0.122160224964913 -0.441771108491325 -0.270162782734347 0.347083211212963 -0.130368924281509
-170.713752607132 25.1143691396857 -110.781699968082 0.842102351903257 -0.539174857481595 0.0124137818050692 0.263257534136401 0.390858030238102 -0.882000833853808 0.249483957766636 -0.37117930064843 0.185032925895306 0.345243260265251 -0.148145895558726 -0.564879518980245
-170.452521070225 25.3769269970001 -110.990942992215 0.388633819615709 -0.873804775749271 -0.292282343169529 0.392219273342948 0.443932033940984 -0.805660220477188 -0.00271057058098384 0.258362011155793 -0.0408663497100984 0.191257195407117 0.434805968312941 -0.0849646309138847
-170.033360280037 25.5425292713598 -111.382283275207 -0.0472497221989365 -0.960680708842659 -0.273605627518308 0.474411861020348 0.219464168683125 -0.852507398670202 0.128139342219768 0.169030901599307 0.197715848482043 -0.608344614769884 -0.706782805607913 -0.497433227400461
-169.584255475198 25.4590905651248 -111.620894403839 -0.683820431781674 -0.576320208577117 -0.447487021335315 0.538639121442226 0.0149780780727975 -0.842403438994163 0.19935592849289 0.0882704346913244 0.394854279930363 1.02159886418219 -0.105472349974627 -0.147468013835274
-169.28541085171 25.2506650637454 -111.943995471714 -0.844060038560126 -0.241381485815122 -0.478850320676056 0.50979604853838 -0.0841964524967805 -0.856165256408838 -0.125370463692232 -0.0540328246094237 -0.199970254808238 0.160100715194595 0.317267480906252 0.526157306734851
-169.105816536617 24.9391270225096 -112.388384788252 -0.903386324046368 0.341247901968687 -0.259697937858507 0.280921443393861 0.0133764905245186 -0.959637542066147 -0.0231939364586335 0.388227720936874 0.522158502935127 0.537749516731776 0.13700435278675 0.11521029740846
-169.175599497814 24.6948441534088 -112.845210228185 -0.483267367803535 0.860823707405798 -0.159484155903903 0.279923799885593 -0.0206718248219761 -0.959799636338824 -0.691465347675684 0.209375789519239 0.495570627250925 -0.0379448489772444 -0.446557604856678 -0.199266122243794
-169.394349777957 24.5800935051451 -113.283969913972 0.141266215721721 0.989367977733208 0.0345667605043981 0.102559614975644 0.0201029893837852 -0.994523702680777 -0.250400630845524 0.225855736467435 0.0224078920995762 -0.191866162108757 -0.564908393724711 -0.324665150241481
-169.430253865552 24.7345836978246 -113.807774473797 0.435114486086852 0.830233872492077 0.34840651682221 0.0152640146931684 0.380099621492144 -0.924819597325325 -0.184944193639736 -0.671068066343947 -0.070540045272622 -0.540940405846542 0.509450723337134 -0.196638487743335
-169.642141438552 25.1823552272263 -114.174439499777 0.825925989882274 0.435472618567542 0.358064041359803 0.161148485639758 0.426264446696312 -0.890129084492075 -0.445525963192964 0.154307402094306 -0.064306145138885 0.684666546893406 -0.373249460047768 -0.190518698858054
-169.650769108995 25.5336820787804 -114.551375431557 0.966501380694013 -0.138416902785724 0.216138479081753 0.256601746955815 0.50295369492753 -0.825344245886508 -0.339503199773928 0.310885284608447 -0.0940081839909877 0.00891083490463502 -0.392489980528636 0.157044716130161
-169.479689089687 25.9692112543424 -114.683060777158 0.742713258488125 -0.645226797370179 -0.179051377044054 0.239413264656233 0.505602244112727 -0.828883381094601 -0.194053664360385 0.498270465512077 0.0991415639373644 0.00833397031492809 0.727793742014556 -0.121771125865957
-169.095610358386 26.2812884916443 -114.931343543679 0.128786488712709 -0.919973963410528 -0.370218782575626 0.375425192801859 0.390771390471858 -0.840448478491322 0.0238235142016681 0.152134973699732 -0.146307783254583 0.0378040655268182 0.278158579279089 0.465282265551971
-168.722559240331 26.2795215232959 -115.23012125288 -0.600398633481988 -0.641900901090723 -0.476953576453599 0.232203754692157 0.430785801705974 -0.872069383337934 -0.235154168844508 -0.365949032291572 0.694815723410097 0.333739705130885 0.16616388176699 0.132508446316111
-168.513018106691 26.311914121656 -115.725494664623 -0.788565542698515 -0.558104735000095 -0.258231465238206 0.0917231051418256 0.308478871715008 -0.946798636294211 -0.348723036510388 0.192445674407616 -0.090102509947854 0.390730548026406 0.497576847781722 0.0434219269425956
-168.378959496039 26.1556804899918 -116.221315817428 -0.996944443822819 -0.0427455385127022 -0.0653803859583907 0.0585309090081634 0.145495949843965 -0.987625972354758 -0.384954914994616 -0.192452290359792 -0.064253200009656 0.276565419056358 0.402849770162625 0.0919562072230536
-168.55309102708 25.8356726494576 -116.689294008444 -0.735632428010948 0.677350723007992 -0.00639756979385199 0.112996136738586 0.113395551630187 -0.98710350113483 -0.0259992695533629 -0.0630197572425599 -0.295542080498883 -0.0139058804532419 -0.0807481923829752 0.211495189403765
-168.838326985216 25.7290843974418 -117.005009203085 0.29640338042527 0.950772894117226 -0.0904209040235027 0.0745236697559649 -0.117411183516097 -0.990283210314834 0.0625334634331681 -0.384175644107577 -0.0605932665072605 0.00689636532980364 0.284741752251015 -0.632696643143566
-168.176720188265 24.9470713141991 -117.407567270994 0.214104098149745 0.0686688226871987 0.974394185094635 -0.341382300626707 -0.92936310863609 0.140507427295068 -0.165167118119484 0.0470327123263494 -0.333547802875617 -0.166565393538325 0.224113396167274 -0.314051258838335
-168.103739748124 24.5525286854164 -117.213037269439 -0.506222690095502 0.245705696028169 0.826660328654876 -0.123292608050201 -0.969327676951165 0.212609471794271 0.116774030962788 0.469399331596494 0.435827623641608 -0.199333368964308 -0.115831574226925 -0.233110427928225
-167.964600894471 24.1032255348055 -116.949893502683 -0.911448155070916 0.287411656489108 0.294375271264437 -0.250687948580208 -0.955326757940632 0.156545003111847 0.237566034011594 0.0335250238783157 -0.369244096803538 -0.140794730784429 -0.074075416538891 0.0284412643888991
-168.144130477393 23.7755254302022 -116.593510451237 -0.776398848274168 0.180903817213769 -0.603720661660698 -0.156162918254885 -0.983266882945322 -0.0938050098081538 -0.35958180198582 -0.478324686917796 0.376434158506599 0.223873612859358 -0.194174257142572 -0.323318947900735
-168.4857214934 23.3888492785008 -116.528454642326 -0.11444389230571 0.17516402339666 -0.977865103386665 -0.14739265955603 -0.976432064851066 -0.157657307600002 0.0418773491883094 0.0335367831211828 -0.188585768246084 0.232277649272762 0.467367095480594 0.220518517329482
-168.793199067909 23.0216774848683 -116.613758824631 0.62439456506994 0.0876981279839009 -0.77617038429667 0.0320392631127965 -0.995716513843234 -0.0867300967315719 -0.350495521773964 -0.0264789401331802 -0.594080808176781 0.251323649346308 0.759516086969377 -0.381230729595087
-168.848718619102 22.6855346432466 -116.717241032605 0.940126580389677 0.124293650554669 0.31735327519439 0.10982766226953 -0.991942638357337 0.0631481338528571 0.0710911151705766 0.0687122953842321 0.0669357237541905 0.127997775671215 -0.37388605994389 -0.0938947522172735
-168.581616272912 22.2721457837922 -116.822828095436 0.217786902651504 0.212064341392213 0.952679159078937 0.157240392171646 -0.970982015787356 0.180192630501992 0.220548551512975 -0.554403975393473 -0.424875431300469 -0.0778552042226745 0.244831643688346 -0.371104878862388
-168.287729067109 21.8838438167143 -116.560103627367 -0.753633684481191 0.153224598994551 0.639185803877295 0.0436988116947638 -0.958618057062036 0.281321585611685 -0.0907135069354713 -0.16161743503091 0.000937736406345781 -0.0702518139629048 0.238110656504899 0.106386443918881
-169.507568405087 26.5137933006999 -116.661206871533 0.88073471374544 -0.463064475311513 -0.0993863959916558 -0.0610851615753846 -0.319161761027293 0.94572954555373 -0.276496985693684 -0.18820238679902 0.430364173886647 0.172567801073706 -0.215183330827036 -0.261139035231815
-169.601578596049 26.1383188403448 -116.322870114323 0.998960343650026 -0.0290824736081985 0.0351061468043742 -0.0453411172587175 -0.553861724651569 0.831373185189251 0.44417670749136 -0.00589420769070064 -0.116185442796557 -0.0126521478729615 -0.17778620422385 0.442032932048267
-169.526085588172 25.7571091941826 -116.051565996593 0.761061414202468 0.535439054748845 0.366183755049022 -0.0272401777624916 -0.537627947717904 0.842742049827884 -0.335174183931724 0.0965025604052816 -0.585751299845215 0.605292154608854 0.205271563477261 0.0101509107142361
-169.256508566079 25.3885829564651 -115.747901472318 0.296805323684613 0.830783714240703 0.47085562541494 0.182463243477558 -0.533328377453329 0.82599516135547 -0.142366552307108 0.255889869222719 0.256244850325083 0.675351309238885 0.10138721824908 -0.115560422869289
-168.873859572949 25.1806281674049 -115.322709427531 -0.139111409712219 0.950223251995751 0.278789861821582 0.186615548741162 -0.251328228162898 0.949741416753282 -0.197254012412937 -0.07963985906573 -0.813693344846091 -0.311616022718015 -0.0161467285201554 -0.0381200113123747
-168.537271380669 25.2923784854063 -114.871642736819 -0.843120062445114 0.506264186966538 0.181232263401573 -0.0719622844720436 -0.440234078965004 0.894994628660641 0.0148703291516693 -0.348649356990101 0.111736490567623 0.37553954433021 0.330346709245331 -0.0619850194658619
-168.501971707329 25.3645296858984 -114.331762073785 -0.94314280720266 0.327115099557222 -0.058969117880092 -0.140994504272501 -0.233063823424263 0.962185950830615 0.126187039888275 0.292035003053385 -0.402041835558124 -0.105593389497259 0.0783585945718735 0.64362037566495
-168.594171022492 25.6528377529158 -113.904720280035 -0.835305288446204 -0.512315130346327 -0.199495068390246 -0.199632802285221 -0.0554575118223704 0.978300162850963 0.504328214648502 0.189011300671137 0.0220780873286463 0.277227652486584 -0.359056785603014 -0.016986324523013
-168.94630151447 25.7657629721518 -113.512177190185 -0.440081235407075 -0.877579266897177 -0.190218654592017 -0.343945235519583 -0.0309402533815819 0.93847982167123 0.561036045981987 -0.140019142351702 -0.0431430347386293 -0.243158378378426 -0.150213294477465 -0.588014194442482
-169.353672707399 25.7565101077877 -113.247805540884 0.152343084490933 -0.988136040233572 0.019461515853228 -0.444955331289159 -0.0509902735646367 0.894099963739603 -0.237255977417607 -0.293334145970077 -0.435682033114362 -0.174028888443209 -0.0454254517172811 -0.0741211014015331
-169.811247188794 25.6825281456614 -113.00315761962 0.55433884907985 -0.817342080816436 0.157036184771177 -0.570920846573836 -0.236136023053844 0.786313655969251 -0.311946011238309 0.0689068686292948 0.0514605670130104 -0.0700896554271148 -0.324380889597257 0.294758142280143
-170.197718162975 25.4143841149359 -112.74292776924 0.836867023441185 -0.471575042904851 0.277975833456757 -0.453408964776315 -0.312616266142532 0.834680406385325 0.00871590503944686 -0.113653023257677 -0.0923545405711965 -0.598408440206733 0.199071300934915 -0.476277862403766
-170.36110892213 24.9549241866301 -112.519324793374 0.826199561870089 0.249099941079728 0.505315251422069 -0.428023274350142 -0.305667840035219 0.850507641460549 0.583179908958808 0.500922478218734 -0.13231519114056 -0.0545897647944312 -0.320523522593261 0.097461319898764
-170.416034638513 24.6196324762466 -112.108402319806 0.631670741556898 0.704632874770115 0.323240755558704 -0.271253259380639 -0.189710041595115 0.943626922778997 0.251726547988072 0.217650902758603 0.0956966197161836 0.0360052497042161 -0.481208215768277 0.0590280449185656
-170.294885037581 24.4508076605212 -111.664081332897 0.128363524627958 0.982332974671977 0.13617904544089 0.00304331146776158 -0.137704558580746 0.990468673306426 -0.36630181561552 0.326979623591768 -0.728737317686962 -0.00267888164556996 -0.375874271296763 0.0418436254639376
-169.998290664339 24.3056107990381 -111.268479240169 -0.380487694477042 0.915790515754127 0.128673406756542 0.0598260156585164 -0.114472138733948 0.991623404979987 -0.856685920611534 -0.0608834526980101 0.703008555946136 -0.164769817739147 0.300858021841737 -0.47431804630906
-169.748449325644 24.3677504655688 -110.842681030946 -0.792857792240975 0.59019166351035 0.151823323655007 0.0901819925905119 -0.132759825368483 0.987036998790083 0.319401371677611 -0.694076001590352 0.599663582485268 -0.0306178611864301 -0.291993498601729 -0.248344206783218
-169.665743257746 24.4935384435441 -110.309612468034 -0.94081505427793 0.338915608770052 -0.0018010485949339 0.0623333342435789 0.178253176895757 0.982008330091272 0.474501335068123 -0.0156282361655385 -0.257185961860765 0.390295171622537 -0.185814138943961 -0.446977900990055
-169.629099986275 24.88052600434 -109.955546979469 -0.949935482038809 -0.311073172885228 0.0292585214051119 0.0286684931779721 0.00647006564579372 0.999568034577659 0.137512863511073 -0.44478247362589 0.334140592260505 -0.0386737335573856 0.0539018752654954 -0.116518817808464
-169.793959199621 25.0878810875261 -109.535606318181 -0.647507046042506 -0.761018562471228 0.0398167414479582 -0.102002586919624 0.138329923659103 0.985119436658404 -0.201057600294362 -0.491543737857623 0.234520735436921 -0.362262724052326 -0.329821765073571 -0.263049791720279
-170.159225150023 25.1852042278271 -109.21263843212 0.127473596618172 -0.960005584198929 0.249278479761287 -0.19258476465846 0.222588653150257 0.955701522396088 -0.438947649660378 0.461458686752883 -0.177093676446846 -0.554206193804761 0.0519664758595415 -0.49655044173828
-88.4181927777752 30.7683488388081 -111.740893118441 -0.218470740077738 -0.0931427972070019 -0.971388158800765 -0.969121800488796 -0.0959256699441407 0.227158978830076 -0.505057424149764 0.104072449265975 0.636741816281135 0.549044720501063 -0.094449488315884 0.145904974818491
-88.776230102834 30.9672510672065 -111.74209126554 -0.117954423577935 -0.793992733525755 -0.596374289407832 -0.974672521980991 -0.0223393759971232 0.222518374916034 0.526718419762117 -0.357729721397423 -0.140579369598525 -0.108206880075725 0.196993360754451 -0.353727847683055
-89.1794506444316 31.1385926635354 -111.955130200597 -0.111554923908036 -0.993660246892271 -0.0139575319402269 -0.987144381409429 0.11241928156257 -0.113612831074448 0.148978737904353 0.180602619437862 0.241028047380855 0.426398790735156 -0.426575606083047 0.360061920710075
-88.21359299712 31.8431261537878 -111.615044628838 0.847850613791844 0.295217546941083 0.440449698229983 0.373387269236515 0.257365261327927 -0.891260382511029 0.305628844478794 0.187504377538926 -0.363458286160313 -0.372282853013487 -0.11673061900665 0.723270662414055
-88.1047470077957 32.1662910311387 -111.934988156389 0.81962165349925 -0.507514948742219 0.265798649203372 0.322904845926306 0.0259983227761605 -0.946074282332067 0.401092465043058 0.0897803150041258 0.0861244325746131 0.210438062309929 0.0753150738099971 0.302392740607626
-87.6655386762465 32.225196214637 -112.281011233821 0.0490622744455092 -0.998476233316454 0.0252607349145135 0.341472967834051 -0.00699891843707525 -0.93986553686116 -0.413246605124588 0.167096933935838 0.147369409741638 0.141239808158592 0.129051095454959 0.0575263411876261
-87.4729112985301 32.1642905407256 -112.76205807156 0.196340351263565 -0.894024309817952 0.402704606281372 0.387036627624203 -0.306688791299077 -0.869565773342532 0.190163506260256 0.524362939069256 0.376007214554305 -0.794532020539374 0.376868049251054 -0.101412495357171
-87.1531238711744 31.9506419380426 -113.163009490298 -0.445675450679763 -0.765741413790787 0.463695460261447 0.129115638417998 -0.567551849230557 -0.813150693506983 0.238632619889768 -0.508852737243776 -0.496598294102415 0.407975211619188 -0.289862878683261 0.111513358772506
-86.7705084901491 31.7146588287453 -113.39635067835 -0.928344697546474 -0.285631094273181 -0.237888630501019 0.304593669456017 -0.217695952328691 -0.927270817435242 0.13608465814427 -0.216642934629927 0.219294537023148 -0.0775149358023727 0.114753405902789 -0.0767123632309478
-86.6558195042167 31.355401083295 -113.761183670373 -0.903326391370593 0.402693418055189 -0.147781736721459 0.170977856711495 0.0220506414480477 -0.985028091846153 -0.196729010320481 -0.316611941296318 -0.403633734256247 -0.119996896136772 -0.0770750376435565 -0.0249195934788103
-86.8966295651549 31.1999994000087 -114.238785329856 -0.333550528920749 0.942686408117711 -0.00929411678531569 0.11826269569797 0.032059974585313 -0.992464655711144 0.194371758011974 0.804834898948881 -0.561713497031325 -0.102720780501026 -0.00889820036439767 -0.444589060010904
-87.0343121432943 31.2411771843263 -114.687646570379 0.0362376999144258 0.981861498842869 0.186104342224856 0.0117383396422775 0.185795604814399 -0.982518297343156 -0.0527690640866804 -0.24497916876296 -0.0644713699848016 0.338020686027356 -0.220599491876934 -0.198162008356168
-87.3414728271534 31.344708718618 -115.135908445827 0.639800627021133 0.762417389940953 0.0968239700641811 0.105131140902828 0.0379768368855923 -0.9937329636641 0.313158754834385 -0.259928472117806 0.109168093287177 -0.0601550919547038 0.523691957394594 0.121260592095091
-87.4871983467812 31.6398920005106 -115.473939800084 0.974894159247465 -0.0502377758445872 -0.216927508959482 -0.212277267850164 0.084451486370396 -0.973553443835469 0.326796120490271 0.240949916342545 0.163410079051507 -0.0813567278147508 0.0505749593232023 -0.00527681376609045
-87.344783719563 31.956783850855 -115.833968767835 0.38592302579926 -0.89941333794985 -0.205229300237201 -0.207912999277688 0.131943080466744 -0.969207515575639 0.663755595463065 -0.534453880535797 0.250923043238009 0.190029240826916 -0.45850329953178 0.50940586053249
-87.0891982912386 31.9896831006073 -116.242762082355 -0.394919374323 -0.908330430222602 -0.137748021096325 -0.0246069839659643 0.160339605256039 -0.986755140511787 -0.00345309347588136 -0.125144220983141 0.312536445405742 0.0896939476512501 0.7176702947536 0.151318307651368
-86.9217340646682 31.8978836475028 -116.72662349612 -0.89283981990322 -0.448415017331987 0.041964606829326 -0.105177023127996 0.116999237333472 -0.987546946868511 -0.0519930985774872 -0.432288273528996 -0.133990629673019 -0.169199864564898 -0.307599887930958 0.00075436964996861
-86.8774446996229 31.6872803235075 -117.127596041834 -0.905795166970724 0.420256349836391 0.0540343956630468 -0.0880043439655169 -0.0618503886602998 -0.994198051127525 0.125375419090949 -0.247098990046062 -0.116725705788283 0.283196485696617 0.272400413724232 -0.0213154937335207
-85.6298195641123 32.1736311660078 -116.732618499675 -0.328417260728749 0.718770096430361 0.612790054858036 0.261095724295657 -0.554411324884268 0.790225983877141 0.620554431661697 -0.105675808277878 -0.22816588995085 0.127571395823724 -0.459459566263118 -0.0385889435457582
-85.6583817829509 31.1619473006705 -116.14819177138 0.46012872182371 -0.626531674224842 -0.629078389825859 0.626677898067274 0.731096590142294 -0.269763948585228 0.312788372521396 0.436461249182189 -0.185270953837523 -0.269244341923151 0.186226164335393 0.261939275521666
-85.2238541232256 31.2960367872569 -116.110231046343 -0.136447229993553 -0.129124438990522 -0.982196025588817 0.616107870652116 0.765335748825352 -0.186204949693755 -0.0745048604077948 -0.548074926083203 0.127913864734762 -0.0112547408692402 0.786295088441937 0.0819546758928191
-84.8115157114591 31.5483336503371 -116.378846567029 -0.756402868243225 0.207445429508565 -0.620339499539913 0.527992037487305 0.753448013030534 -0.391842442839396 -0.685490382264495 0.161937085755222 0.15710495390496 0.107530208313577 -0.127311421855949 -0.205190316407839
-84.543783167529 31.9290669516529 -116.646949099779 -0.978536815244954 0.138266169513544 -0.15280107191481 0.193382366271198 0.872310434265595 -0.449085478151679 0.686555442579639 0.739123160547388 -0.296815784811199 0.0669295713800339 0.217078709265575 0.0359482229937867
-84.5639955441486 32.1368871051047 -117.025002126158 -0.682601357816882 0.529842303238063 0.503311553618564 0.345865152531258 0.84093059408906 -0.416188697815726 0.456175684509486 0.1474036554957 0.0169125695960193 0.140494309060788 0.175499075083118 -0.640016395859444
-84.6974710478507 32.59069743965 -117.318171069202 -0.138543112215679 0.206054222230305 0.96868336599668 0.203471905122622 0.96317198009794 -0.175780887982695 -0.0893340718870202 0.57328959064391 0.183278594148504 -0.498106376510806 -0.0443853060833883 0.495702797624909
-84.8161908603314 33.0711645430185 -117.270190424781 0.736082575290591 -0.200603029260049 0.646483462282883 0.373285354985953 0.917020230033222 -0.140470429140189 0.0244862793687808 0.310593109820455 0.287355836771709 -0.180116292758474 0.0302150737495925 -0.0807147314522564
-85.083325208389 33.7880386163122 -118.112538731677 -0.792574512380877 0.478665386480801 0.377763272578742 0.17186491324341 0.769752316385612 -0.614771358323418 -0.175493524692 0.218446429017181 0.670477298584101 -0.134382456031219 -0.0498013432779143 -0.0370862556782511
