t = 1
b = 30 30 30
E = -0.776760544805303 -1.11584060605808 0.339080061252773
-169.149891915322 24.3400019013744 -109.220597562638 -0.829957965598497 0.550256742647251 -0.0915821626237367 -0.181602819616041 -0.421763461858695 -0.888333269752108 -0.0970123325853086 -0.332841426147371 0.304149288956379 -0.20279936919039 -0.0458732522765121 0.123938028142918
-169.413743039979 24.0545844196069 -109.517094664617 -0.3628955713799 0.91002064565813 -0.200422625341597 -0.270420700897548 -0.308677685824839 -0.911915966961815 0.217588048474956 -0.00555753306256821 -0.0818405669383838 0.367550990228017 -0.0632119098390487 -0.556641378605071
-169.844438715055 23.958171693186 -109.697808816593 0.322850003300438 0.824592763257367 -0.464558554062333 -0.234966857612024 -0.40564485777844 -0.8833135486235 0.0906551008209901 -0.196309970444301 0.130057549515412 -0.300780811223315 0.0689013114285127 -0.491043481506541
-170.218537169611 23.9644470006668 -110.079915770892 0.718033449004866 0.522933854733086 -0.459312692709631 -0.305601255274707 -0.356034305659031 -0.883089715696211 -0.28575369201617 -0.955698402296351 -0.601703098527751 0.223066508383047 -0.0862970964873564 0.115206977283534
-170.523932374565 24.0736649722776 -110.484305557609 0.950682246091641 0.0717594918351874 -0.301751292122683 -0.27928139744494 -0.225164335328485 -0.933436084120001 -0.0621201050248033 0.108562456508306 0.484748869262741 -0.124774206064312 0.190744476638518 0.186940151831281
-170.598541522618 24.3177779780495 -111.021184335828 0.863188315151119 -0.496480481781034 -0.0917227550668069 -0.19046136352722 -0.151960869660846 -0.969862033020816 -0.251645815646625 -0.190849893046049 0.274007391262182 -0.144194305117261 0.141513481518045 -0.290326834549839
-170.384320828271 24.3439670183593 -111.522301808022 0.410725226356399 -0.861026478418485 0.299896968802199 -0.0556840101363349 -0.351995782303469 -0.934343759146335 -0.261225915909305 -0.0743723454279122 0.303760281922951 -0.300471645991701 0.67530860203666 0.444034901223932
-170.168624170707 24.1070879045968 -112.010867617707 -0.221161622286019 -0.755972441372142 0.61611135739707 -0.250070645453189 -0.566672872145541 -0.78507740271705 0.431741006467012 0.277753621600249 -0.568343591217036 -0.0448419268514278 -0.037884415672984 -0.210653740358091
-170.000246186807 23.7259532675318 -112.295206983674 -0.698187839841884 -0.486372395888913 0.525333829877919 -0.0992226670444536 -0.660972170724308 -0.743821653269506 -0.0859779362652217 0.209070561807637 0.524209065004363 0.282596637695275 -0.321588846274122 0.20341236756801
-169.893307319324 23.2469385306106 -112.485535617222 -0.984189142978863 0.0215082247039003 0.175809917560469 -0.14742908563423 -0.649604214745467 -0.74584115526966 -0.336338566091719 0.146678387012754 -0.125068804802718 0.067011441924316 0.663367335709001 0.505803154422489
-170.015749707192 22.710636227154 -112.551716002187 -0.930388283651362 0.347869133776554 -0.115605827750265 -0.201832943775075 -0.749382545741938 -0.630626088062032 -0.196839378268662 -0.322262108206116 -0.142371220083506 0.43981369857529 -0.743800693277466 0.0794087733570676
-170.342742288574 22.3099820967442 -112.60704690681 -0.639560406712859 0.653215250752423 -0.405305221221897 -0.447392354918746 -0.745023110163495 -0.494753116293946 0.687168614881023 -0.0981948207492682 0.0662395520954925 -0.351739768583812 0.323531571434416 -0.0736122067438729
-170.739418488122 21.9528201924378 -112.684114138204 -0.0776396690703946 0.671531389985542 -0.736897329382273 -0.514812168789879 -0.659967535506399 -0.547184870901483 0.118146270367383 -0.547118086263829 -0.405616335410877 -0.379756434710134 0.23465633802893 -0.545398971183933
-171.236639365109 21.8043244309925 -112.845969474153 0.404157708644554 0.284040205385152 -0.869469785713077 -0.722455089729892 -0.483869210367197 -0.493891921964713 -0.208489661873108 -0.793121825225592 -0.486636788020499 0.346890100924582 0.0612463320704805 0.100311197432491
-171.71282269958 21.9529953560987 -113.183214153182 0.589679124676766 -0.125018792441208 -0.79790277067885 -0.762018101907246 -0.413460329383791 -0.498376332094056 -0.321628751250848 -0.0756190355948864 0.0730505862348119 -0.345989104122567 -0.327128555640722 -0.158790528192018
-171.995489879371 22.0556965211955 -113.665670334576 0.710111258214423 -0.649694229649891 -0.271365821202233 -0.6319859747699 -0.418248787453023 -0.652427528150227 -0.182947588017907 0.106595663659404 -0.337288567775936 -0.201279842712936 -0.475157443697399 -0.325763277589236
-172.105650816069 22.0243928371055 -114.095931201168 0.335101689299572 -0.924948768012086 0.179378466883563 -0.68115048289624 -0.369368534579285 -0.632139941241629 0.53698558091392 0.0229793577244062 -0.299289321511653 0.295115638016044 -0.258080699800683 -0.332110234213574
-172.204800226769 21.8178915410723 -114.594756277725 0.145850004368952 -0.85206043324957 0.502713431605057 -0.528616048859763 -0.49664519022715 -0.68841021775692 0.423455457913263 -0.128494866985121 -0.119667595045349 0.85196627712713 0.44921739351751 -0.0751282939099566
-172.149743570252 21.3815235971296 -114.989124744971 -0.435713895523037 -0.425514170248635 0.793152628543684 -0.718538861497869 -0.366272203259046 -0.591224642278305 -0.151651844567862 0.235885857296985 0.36801645414758 0.153071636203609 0.206065982512576 -0.694005102893982
-172.40908283075 20.9674296735187 -115.177703220732 -0.550175250461347 0.26482309717092 0.791944392608847 -0.817807837555399 -0.362600153498134 -0.446890892182971 -0.195204990001901 0.382867701618288 0.957673082046827 0.0746531343457163 -0.595353674684469 -0.297677556445609
-172.750199172056 20.5803541880808 -115.251007841342 -0.476094369041648 0.841447333483356 0.255539696995567 -0.841299153181614 -0.351214751644828 -0.410930569662275 0.10121938409442 0.00329412414376576 0.00760339353214488 0.00830592671896858 -0.283781690659456 0.220659342208196
-173.283052400508 20.2840743664191 -115.178397972818 -0.191096409698448 0.817838013493102 -0.54279199136135 -0.664950061201148 -0.514626049513523 -0.541296079120009 -0.17023000286145 -0.0627002318704944 0.0323378162898651 0.0824994849385701 0.311400100515257 -0.452064427016703
-173.860407864943 20.2190650315465 -115.325107926499 0.498268516442296 0.324832917195618 -0.803873162525394 -0.549840975046055 -0.598491287844864 -0.582651766095496 -0.038423156160749 -0.00695300912604688 0.406872810542894 -0.0630662634846027 -0.383573421773962 -0.00612709013780034
-174.153270485131 20.2154284889537 -115.663506731918 0.759049340170715 -0.602500045894927 -0.246653185430502 -0.618200813780376 -0.548241870402944 -0.563257139660353 -0.568781102552099 0.113195986531206 0.309767639629017 -0.232041846413297 0.662609785930849 0.192361890318087
-175.262374952946 20.1161919707019 -115.910970334969 -0.789994003162936 0.0504978349342843 -0.611031458792057 -0.584778315083414 0.23741598930141 0.775672592162593 -0.143145343065159 -0.298491154067177 0.890303978281614 0.15911405712908 0.561723809398218 0.275401907857188
-175.682601912393 20.4524447163679 -115.657483739978 -0.560570397292461 -0.485043479716552 -0.671188239217458 -0.817538333292986 0.195074273499233 0.541827556899123 0.379372672393399 0.174812955486677 -0.124304161342898 -0.0707477162335324 -0.176130059510843 -0.105175737792692
-176.29555734748 20.5744155859158 -115.652716047854 -0.0519986536317652 -0.998562733070816 -0.0129849198158947 -0.765168680190537 0.0314829124914416 0.643059652813429 -0.107795489667831 -0.31298892501562 -0.78843292309054 0.0860659290368661 -0.48194681554225 0.0946133251467007
-176.7829032713 20.4133500937782 -115.609044518164 0.508448282133092 -0.442755999127487 0.738544155506309 -0.613038042216315 0.416185038220376 0.671546255113593 -0.0852678132047971 0.0193202501954216 0.000266995651550379 0.268075652707651 -0.0102640720274902 -0.210849681806533
-177.111474133978 20.3204926592213 -115.162544245259 0.913760005779019 0.248455684060321 0.32142250216319 -0.395347241790351 0.725932900228629 0.562780581376449 0.12477361556824 -0.482064964334548 -0.254371757895932 0.158293257267207 -0.129014376112711 -0.378257996344869
-177.299120611834 20.6062419629293 -114.792498928754 0.682829284425275 0.55463309402972 -0.475527390734001 -0.345056296616787 0.818554527962198 0.459243548585814 0.377937296913958 -0.252656754992374 -0.482409519689335 -0.444687525632672 -0.401488437978775 -0.0448733374748358
-173.040743405819 21.1341360611365 -114.177070958193 0.499684697484709 -0.141670034611375 -0.854543623458057 0.866055767674366 0.100166555138692 0.489810237244601 0.120991464689655 0.83271831265527 0.438405635708778 0.309368657259887 0.270670833793515 0.0772996909624273
-172.63731537882 20.8339950443575 -113.96400455711 0.355909909479363 0.444087134986647 -0.822261973384239 0.851337150403387 0.208813872868733 0.481271049244189 -0.182411094053046 0.208371738990894 -0.49081703384687 -0.088205178555689 0.214573423360994 0.38750975970078
-172.036570115595 20.8825197802596 -113.904306227473 -0.165093732825968 0.751483856333876 -0.638761358451772 0.741624102471307 0.521536450954613 0.421892665211537 0.210289423895818 0.263577924232458 -0.0494267958533717 -0.111896072594086 -0.453711383721688 0.469240804153601
-171.532921180321 20.9494394337116 -113.940595894009 -0.489980961565226 0.862710999742847 -0.125093517922852 0.7981287535517 0.50167785424312 0.33363126849267 -0.112276641220279 -0.266864044719096 0.0556407975241936 -0.103815337029491 -0.25194041954631 -0.294737724993713
-171.146357990101 21.3154633762357 -114.102324240468 -0.6742878751236 0.55754087777369 0.48423551199044 0.733059930309594 0.58457369929713 0.347702068824105 -0.179546388935564 0.289378155910896 -0.0411488801087913 0.044248216570288 0.0321169530902429 -0.152165179351258
-170.989591772915 21.7738062411282 -114.140931165999 -0.534939552767684 0.0581391876083488 0.842887602085208 0.536363397701314 0.79418729806871 0.285623600552586 -0.231868992596679 0.744909606141464 -0.0196850070922348 0.242868508978046 -0.00208299767798366 -0.380529726419742
-170.781603325243 22.2764356558606 -113.876625109551 -0.447208470717886 -0.368646767622248 0.814925852111612 0.302713593421347 0.7949625058552 0.525736716087392 -0.0742459538079362 0.0080674865845336 -0.2827849155916 0.359055358585046 0.115799927898433 -0.0271738348733304
-170.957999083743 22.6866501435503 -113.570055529527 0.380761126030473 -0.617877230316226 0.687930732821812 0.262008721385128 0.785573563106478 0.560558299257375 0.318221731551391 0.271410237333099 -0.0791669627308588 0.0174561263790593 0.307718827348832 0.595841076883736
-171.157965418104 22.948837694144 -113.13749043984 0.831467300193357 -0.445974352717795 0.331314058601676 0.126715152784604 0.732857617299438 0.668478109455326 0.0422775441631104 0.447627254093929 -0.111436319893903 0.204632855937801 -0.160356487286816 0.264158753687164
-171.156922433241 23.2104200782247 -112.623606706519 0.892817882523438 -0.446912267410219 0.0560861291641767 0.280546819086446 0.649188012721699 0.706999580225425 -0.246576315121782 -0.102612240751927 -0.00968480989277736 0.0665949176704123 0.36718437277536 -0.112202365499063
-171.081306887063 23.2002627252881 -112.1760051629 0.942325253055714 0.109351236503073 -0.316331194365548 0.239011421456403 0.441763425371815 0.864707243185317 -0.0848758738832651 0.145236829400161 -0.484178833262296 -0.263443190978882 -0.191111794839036 -0.0699768881283834
-170.85974824358 23.1729413866171 -111.715976322987 0.699261514407465 0.513386362547864 -0.497461332385193 0.416664452363465 0.272756145991095 0.867176348248001 -0.0114774529434523 -0.35968245149694 0.117093170439779 0.764191612185295 0.528859528230146 0.414086662794539
-170.430046156472 23.1964810813063 -111.282931165644 0.283685523290265 0.746273105929371 -0.60216191779459 0.639129071184026 0.320990931499768 0.698912621335711 0.159431338552837 -0.211347702426462 -0.139947075389479 0.215276173737815 0.570300147937625 0.575180610597784
-169.919799215599 23.3191153917813 -111.132490607005 -0.379155752340009 0.84549340800313 -0.376007729296533 0.555659172362993 0.532964378268957 0.638115863825103 0.281764335078088 0.00281810850422748 -0.169514561763266 -0.232680864808872 -0.121388423766899 0.430398655674586
-169.572388033378 23.6438005327328 -110.98682572957 -0.825346233846591 0.562679080390005 -0.0468598630675264 0.382181887681917 0.617819676127155 0.687194188361649 0.103971664696538 -0.289685822385273 0.0480088893614345 -0.504810136504522 -0.336736340435562 -0.0259310217667609
-169.404806172381 24.1385797130777 -110.886384728826 -0.933926387659645 -0.0369649213029108 0.355549007910409 0.258166440795007 0.618213414705049 0.742403032540925 0.183962250223294 0.187783899522919 0.197196236260509 0.0956538862014287 -0.127705214217039 -0.671096869234635
-169.417756229981 24.6724787611918 -110.664431649399 -0.608806994316947 -0.586495597708387 0.534206849019598 0.0860471091083187 0.620591276579772 0.779398718530632 -0.140410761727249 0.44845562979922 -0.0811239072695399 -0.656586349187313 -0.340318984542942 0.268850564429148
-169.642157930901 24.9553273076501 -110.2604254045 0.120221968553711 -0.884480058609909 0.450823362525148 0.0965413074015657 0.462380849840441 0.881410078037475 0.197753836432837 0.64683946414978 0.312277403575485 0.267151040911031 -0.669516192807611 0.209601392419839
-169.783141263346 25.1457450536643 -109.785530538064 0.305808984094172 -0.93447014914866 0.182335969017 0.00657053295803653 0.193577502741765 0.981062983976517 0.0523464934876683 -0.28033702704964 -0.348406030085208 0.274200372626682 0.367755895341169 0.0657085952451194
-170.098038789767 25.0541160727359 -109.336582386981 0.831916500891377 -0.543539739184185 0.111711626396881 0.0738966830944367 0.308043917620455 0.948497878249964 0.708752813795983 0.212170400283271 -0.019816861208772 0.425608403900179 -0.220088836020963 0.514364071524803
-170.134884003387 24.8183453690844 -108.882076834603 0.963362148957879 0.265346956098931 -0.0390430895843216 0.0125686991279268 0.100747827430539 0.994832600526469 -0.094452862590288 -0.986972908575393 -0.339553005929971 -0.769241925417518 0.48702198481569 -0.278315547677687
-94.7151268872647 54.1848219433519 -142.177728039778 0.479566221530102 -0.0909311293381729 0.872781627261152 -0.715694103122455 -0.616031548745075 0.329070025536342 0.128498040415637 -0.219856432985587 -0.143109841325601 -0.446929079214511 0.0294736680160885 0.020819610258319
-94.8470502079975 53.8045495535763 -141.953183577012 -0.171573957629404 0.656241422811348 0.734785391832147 -0.759604953977419 -0.56306675317843 0.325509055723593 0.143562283281554 0.308907460062497 0.0818285750325964 0.150846479932016 -0.0461830142158327 0.0772293493902891
-95.7388411988083 53.0052074450153 -141.890998103459 0.0913181620063922 -0.0186117969452655 0.995647826443789 -0.93993706200399 0.328617612064032 0.0923514185740629 -0.329748966806787 -0.726998548057306 0.49910474018311 -0.252955132975415 -0.324601007084407 0.216990026962024
-96.2172230422405 52.8476248416506 -141.83859278788 0.222552594845342 0.535805686651527 0.81448303154792 -0.948057978995562 0.313704903143352 0.0526811371049348 0.878749263501523 0.16935554126055 -0.15157276264725 0.0564757376345047 0.203402232382488 -0.218571437824783
-96.653854576461 52.8286589810244 -141.673908737903 0.262863095767271 0.964618053614525 0.020371635294487 -0.963873973695803 0.261601990632445 0.0501134845027348 -0.063744895859792 0.0136938684919965 -0.929502403572084 0.214363446209671 0.289253319647441 0.334251148840305
-96.4504255808491 52.2508761948651 -142.042916226805 0.0674582193068774 0.0197885052909013 -0.997525841122072 -0.115597899170514 -0.992914942564382 -0.0275144060399839 0.401562078346693 -0.268636382852215 0.200986807289144 0.285218901348573 0.001621077762908 -0.21185267675334
-95.1949314248982 51.6772159829426 -142.20162851012 0.140271484397458 -0.628291505981048 -0.765227870752889 -0.477091167750761 0.634336632985582 -0.608277119170803 -0.0841098608208778 -0.0124544482288061 -0.014678647750431 -0.195944446150136 -0.25048984320119 0.216022927039286
-95.3096645053528 51.9036499710708 -142.660264495437 -0.210180742963361 -0.889953603594257 -0.404730328412593 -0.399348226268134 0.456017458258441 -0.795342110000474 0.134807028344125 -0.0930547821900045 -0.0745214127248142 0.144226033635654 -0.0784049180519306 0.14867522595326
-95.2621382974427 52.0482472315009 -143.176442983495 -0.833120782774698 -0.552038720437604 -0.0341029682943969 -0.33733331052649 0.556021196710435 -0.75963587752155 -0.235981094795906 -0.319355772092036 -0.0554346030090265 -0.219217315275078 -0.835544686225929 0.280577955409376
-95.3359101319839 52.0617995900919 -143.698649286701 -0.853006297487958 0.0255858564644923 0.521273076606556 -0.376501647272996 0.661513072103263 -0.648573022131837 -0.380342097689078 -0.0647020160044403 -0.343514209402173 0.00658077298088824 -0.70246842945422 -0.592642049503677
-95.6722519210543 52.2084768499733 -144.068063702527 -0.386099696035019 0.399273633677742 0.831569353795243 -0.492985245162234 0.67262551479971 -0.551851850493189 0.0426431706811259 0.0304473018260847 0.379546235480217 0.543043319881383 0.0739656318574171 0.311239849132644
-96.1642283504056 52.3442308849812 -144.145432853407 0.375428652810602 0.728122482958562 0.573490171196574 -0.55377326587108 0.672382676162179 -0.491158535305521 0.443551555472622 0.346799993188992 -0.320201708293648 -0.159773454524713 0.380499248262888 0.238766395381779
-96.5947045528012 52.6312625421939 -144.024586990137 0.745587710220747 0.646241986548358 -0.162696838290777 -0.633727430553104 0.61205425539914 -0.473052990913665 -0.42024072254547 -0.390636056763766 0.171148018055799 -0.616491353305481 0.369079999774337 -0.0208095819632845
-96.8149292865921 53.1122382806423 -144.013190270537 0.698637971190526 0.0739034651783525 -0.711648272003395 -0.617144572770193 0.565485038975403 -0.54713732005346 -0.792027263028893 0.308877647058521 -0.467562824663654 -0.443367408252545 -0.0307101655089259 0.815325643108415
-97.7365615150211 52.9670248266441 -142.942523212921 -0.222664576175109 -0.140912173124595 0.964657579653042 0.942768179173629 0.220805512973465 0.249866135717039 0.118409386735761 0.239907002374809 0.0316858560199735 0.274597838726822 0.445624754661901 0.223223935157756
-97.6937228813282 53.7979410045662 -143.122149502113 -0.446787299987667 0.768589921009124 0.457876229884148 0.766866319387488 0.0654303830185556 0.638462930143273 0.116609977632765 0.18328266159322 -0.704633279443145 -0.246289123212073 -0.195460254792714 0.221860054809148
-97.3173923509795 54.1136265077499 -142.983627848938 -0.676971855658295 0.071178051553172 0.732559070398871 0.733806292789389 -0.011671596419609 0.679258491665516 0.447421350324545 0.0586759219972827 0.0202976589271934 0.773992782831921 0.0527796613730128 -0.408382355833783
-96.0136918655066 53.6888339518602 -142.812008017354 0.88141149550769 -0.429708385745621 0.196123631433823 0.319893144863387 0.237543510062463 -0.91719215909024 0.0663097076052122 0.0148858413641584 0.0944134693682323 0.110411370173485 0.025637508620578 -0.262851079739257
-95.5775335541495 53.8726411489185 -143.114674402303 0.0586061964674922 -0.997888644312278 -0.0279922719374029 0.32834966254669 0.0457491614311677 -0.943447673871646 -0.101034098722036 -0.486355068619453 -0.0609392389032582 0.289139511702029 -0.129568515464917 -0.614837814712935
-95.1941230406515 53.7700729132746 -143.505273600927 -0.696133887453004 -0.672673299241521 -0.250815157490721 0.228028413097367 0.124097841523448 -0.965713605863311 0.082843352020274 -0.189017763611056 0.456335817482728 -0.367898068433402 -0.0125078511603106 0.00206231727060584
-94.3722032635271 54.5317771150658 -144.111128801463 0.51632006929512 0.310063903937338 -0.798294407795908 0.270327595965707 0.825489812125698 0.495469031258342 -0.316568337567097 0.559640214787912 0.293539571806006 0.355009608011939 -0.204182059301319 0.161560312113783
-94.1262022737194 53.9697336752294 -144.480509876759 0.264239244379603 0.6472381295126 -0.71502477260213 0.588191017680301 0.479395663244907 0.651314919821577 -0.296420446883178 -0.536344184185431 -0.0295126854244906 0.515306614953235 -0.29102682405621 0.415502289593498
-93.635160999992 54.1412858461274 -144.572969509637 -0.461230223574646 0.885765850137106 -0.0518221920818771 0.741062178791676 0.41668416601412 0.526498958173376 -0.373358230984045 -0.349541386368699 0.0575011969114762 -0.642169158908592 -0.0629714160399712 -0.302718638377988
-93.2626614071948 54.5514622840954 -144.541384970035 -0.768602863789416 0.278373133369757 0.575984406379731 0.632834337126219 0.462654548422255 0.620863487876536 0.230660656674605 -0.258942529334147 0.535266639033441 0.52211852843929 -0.651163254764113 0.209732125994561
-93.1886048239753 55.0143330266269 -144.349076066348 -0.392623439766626 -0.379160918659908 0.837904429100835 0.652293985255507 0.527460818347046 0.544332289973829 0.151454181666378 -0.74249521488617 0.447265460067582 -0.236093168061582 -0.333377678069265 0.196483487322114
-93.1616930390469 55.3630093400563 -144.212746884175 0.498532146044315 -0.684742720356034 0.531594870441644 0.696745704063971 0.681364777467736 0.224248665313182 -0.163956020270087 -0.00842234645591355 0.133602923495299 -0.237077455233307 0.157390155815273 -0.273723701499053
-93.7475278995475 55.9577668201152 -144.69395166629 0.0796246233227856 0.897747420634267 0.433254530392039 -0.991810727967118 0.114889266980528 -0.0557847310830924 -0.0848338819935454 0.219863451608974 0.00381409525738301 0.288927247511644 -0.113273646986398 0.278366759631119
