t = 1
b = 30 30 30
E = -0.806890440607468 -1.0694471883006 0.262556747693137
-171.89336025772 26.1484721200149 -111.334930224248 -0.705240476630767 -0.471964158639469 -0.529042250752571 0.659211795672957 -0.711154110530301 -0.244335096786139 -0.57574536169942 0.497012965854708 -0.269286871251102 0.0307165441024654 0.560267458416113 0.132989559511616
-171.720184090331 25.6537178256402 -111.330518088233 -0.54698315804598 -0.0785719567201906 -0.833448182211232 0.535365480681245 -0.798216980038254 -0.276104065297034 -0.28422761645572 0.215120967759223 -0.143398022130272 0.339617843370698 0.0960049021701238 -0.142859681643461
-171.83552655081 25.1322332425157 -111.349141223872 -0.0427054987488637 0.381789928438112 -0.923261983902637 0.264086748165119 -0.886923601746677 -0.378978514045686 -0.260787077261674 0.249553645212681 0.0873009374822367 -0.411521732795344 -0.228074030954107 -0.456621132753286
-171.970188713095 24.7455844635644 -111.621737439681 0.510528326202258 0.470762976332928 -0.719543638884594 0.244787590656982 -0.881759147714966 -0.403211905679044 -0.371636356189073 -0.342497209964744 0.0214579945000538 0.0601826440539584 -0.128028724408661 -0.609591055079159
-172.078766295965 24.4222649927485 -112.073533546945 0.833928560729543 0.499688920146419 -0.234252297069759 0.251710145129902 -0.722137030720201 -0.644329195133432 0.148736183355602 0.0151936832361614 0.106903223140361 -0.132785231539083 -0.0559032962224035 0.0238072890701493
-172.017059844135 24.2708747278346 -112.607863139078 0.944577412988393 0.248041664053046 0.215055443469704 0.326576908879903 -0.643151911577189 -0.69260605052299 0.111571086718906 -0.405233265752633 -0.344256205918582 0.254592509495099 -0.650190734505002 -0.100256958458854
-171.849602205033 24.1039932764546 -113.018176095958 0.815376883786221 0.0220372882210618 0.578510929296011 0.504925344063311 -0.515920001213464 -0.69200935634603 0.322972165839843 0.27847560446334 0.0829569595350016 0.323832527320566 -0.0289928563732216 0.13773846542814
-171.48807172461 24.0550627827323 -113.384971127347 0.543413096023846 -0.35335524406448 0.761473754348703 0.641691011610058 -0.409988464194408 -0.648183696837841 -0.0391692982830362 0.0948761041531098 -0.343479304531476 0.0093691329234825 0.497370939851349 0.00376999932800208
-170.99210107329 23.966257490533 -113.586131366665 0.0311883613581155 -0.674755218604041 0.737382316768179 0.713060337935507 -0.501951183620791 -0.489479278136457 -0.220221290557106 0.318099787862559 0.384869262742412 -0.119223481779804 0.288504499917052 -0.392990107714067
-170.492994285093 23.7840319917097 -113.609709009237 -0.488283735537595 -0.833995434863648 0.256964215866811 0.693319340118749 -0.549550209708238 -0.466157548074612 -0.150612594733037 0.232196566708995 0.239601086374028 -0.248880107544782 -0.332468638651495 -0.317219230003654
-170.044499613581 23.4444528055401 -113.57436165894 -0.779629801938936 -0.625967012569604 -0.0185113776726592 0.567587958058128 -0.693811883854631 -0.443248214536157 -0.0826663031577911 -0.211844274681727 0.086190981739398 0.333125729190385 0.607491813656101 0.0420982814346413
-169.852110290912 22.9180815638115 -113.545765035766 -0.82973024135633 -0.138367158821397 -0.540742319352261 0.423972621434728 -0.786344961281925 -0.449342651147535 -0.281178934623495 -0.480760470677267 0.140985041309713 -0.193329848443333 0.236484754062744 0.322292318589639
-169.859990892481 22.4276957232188 -113.647923113703 -0.409170003052595 0.351471025277255 -0.842049895785573 0.210027573300746 -0.861779225184209 -0.461762910479288 0.218238087484077 -0.257697653476859 -0.0309200990353581 -0.17499938835433 0.0584471111587249 -0.497981849043701
-170.002407550256 21.9832296949238 -113.819633356087 0.120579948514206 0.544424145923763 -0.83009808176594 0.1636635788315 -0.835659146917598 -0.524297647464698 -0.164652760607373 0.0418496028944273 -0.360607055372524 0.148769793478458 0.196162386209738 0.131692997157382
-170.241518023297 21.6570864654768 -114.225280479834 0.603421178456322 0.566762358318616 -0.560948581051333 0.280762081785122 -0.809410161616092 -0.515778870936272 -0.3374756674456 -0.197698084488098 0.480190501431018 -0.438123231437039 0.0367275164215203 0.123920135084028
-170.202281233568 21.4250328646099 -114.672704768693 0.813687536541493 0.578428040285642 -0.05773729373938 0.369195216145585 -0.590950947083602 -0.717266945088234 0.183161230247397 -0.0255245426824436 0.095419804286674 -0.0728673741021819 -0.343506279890918 0.227485971303513
-170.126909166988 21.3076037514084 -115.11427898088 0.88458741540028 0.297718473304888 0.358983029081402 0.462040355374848 -0.454750085803181 -0.761394161697529 0.171274100009965 0.0139422563104373 0.0799843041711596 -0.0170847160700657 0.113794450842156 0.0208911630983346
-169.752504353757 21.3835504121619 -115.559866837929 0.624391060299938 -0.238275730203289 0.74388203380214 0.589929420147901 -0.480354422308019 -0.64903228595586 -0.204504628875454 -0.320206865722394 -0.0905421025897028 -0.0902794184231636 -0.0633678627980064 0.0835865317220843
-169.290619346232 21.2939278808596 -115.789017070803 0.264518472636906 -0.579955240446395 0.7705075578556 0.746747411414954 -0.382396572999832 -0.544188537643939 -0.610361685985617 -0.315379304900848 0.600998796801562 -0.438113731238017 0.354429798701697 -0.104975700075805
-168.702133882072 21.2741450482761 -115.784902023755 -0.288064930480009 -0.871558353307143 0.396742526845926 0.825753251239666 -0.435877291220411 -0.357970047721145 -0.136238979094073 -0.240157247917688 -0.472798990854279 0.228078305553385 -0.00235288630853014 -0.273646531141011
-168.26928151813 21.0610760867529 -115.686378597939 -0.551419071492431 -0.748438203489179 -0.368479664503097 0.81964054613647 -0.403820261715205 -0.406347845272215 -0.27908969300724 -0.0010804207931578 -0.262421728628194 -0.578611368371476 0.0370657761961838 0.0705256702857631
-167.136077827948 21.5329297565172 -115.903842801149 0.819233652963755 -0.547959446488725 0.169105490317234 0.529163514040277 0.608692568699866 -0.591167769941921 -0.286135891656457 0.108525543553338 -0.315478437413555 0.142400334764878 -0.158025350448408 -0.183803752555902
-166.712860049363 21.811646268092 -116.044872078597 0.300960366463734 -0.92704801872748 -0.223617594995276 0.706896060991344 0.374263407472716 -0.600187354733365 0.024738506174907 0.0520071794512902 0.247510833080679 0.188362985471404 -0.0117199970345122 0.0446909778968304
-167.410575376145 22.4960593738413 -116.466480066834 -0.156477000512203 -0.647713519693222 -0.745642102296619 0.665128659069287 -0.627199793103125 0.405245957926898 0.57750536638424 -0.688551153387073 -0.180124414576169 0.169865205575493 -0.539186414320664 -0.16264402812121
-166.948514710739 23.8869207520798 -116.607978110048 0.969382808790866 -0.0150478048761861 -0.24509290807598 -0.196148850934988 0.553013626513605 -0.809754010281614 0.309400705831342 -0.442298694252991 0.0836442991664709 0.244055008577956 -0.158856348442078 -0.118419921109898
-167.844726394096 24.5328584302224 -116.766844377989 0.246522871922596 0.177030035816271 -0.952830960893865 -0.914333565256557 -0.283448018392957 -0.289225435109603 -0.810140280299299 -0.0770475723127672 0.510213025448234 0.3548732794099 -0.516059532388869 -0.220173988804001
-168.229823802973 24.478107912813 -117.048149963653 0.555906638646007 -0.209363673893429 -0.804446804433422 -0.831205457660183 -0.149415998446997 -0.53551129452516 -0.081233305211775 -0.385892632844777 -0.230734921824055 -0.173509065463158 -0.488650567121237 -0.521114993036971
-168.80643080247 25.2325088769905 -116.373133590038 -0.00438973606415531 -0.181792739890456 0.983327071701175 0.836247935054742 0.538534650989588 0.103294824653521 -0.345734398689317 0.107927585991787 -0.139353574839447 0.184442696584851 0.115806611046763 -0.113192889361678
-168.813493245629 25.959796011606 -116.429002730649 -0.634139526894896 -0.340283987009624 0.694315395633966 0.57626990450105 0.390713172840977 0.717813495091091 0.134185459030141 -0.0486667339104885 -0.108194811193145 -0.176600897313898 0.220826803631001 0.209442509885446
-168.756517808722 26.2770748174549 -116.092133641219 0.0401613670452376 -0.934791725239568 0.352918538788617 0.716957159145862 0.272973639801677 0.641449782853593 -0.0771385699853515 -0.186745017188876 0.067360004677776 0.0592105996597924 0.155883368693352 -0.667137445818316
-169.057453532547 20.2911157172376 -115.276270923426 0.362184044177658 0.82849302922902 -0.427108907261413 -0.524757491226529 0.559940907103846 0.641167494460973 0.0833846303770603 0.349803627916375 -0.221067550530203 0.492025461604804 0.490982750917539 0.260640805319025
-169.024713250937 20.5822341077667 -114.8679770998 -0.197409526187656 0.618966454690873 -0.760203924574042 -0.464452120782086 0.623856522342664 0.628559676587306 -0.233633843970874 -0.00672297450605494 -0.499258422821837 0.225549972285051 0.339852171878524 0.105361369060589
-169.021162538048 21.0539623936889 -114.68372091914 -0.717663665487654 0.174349676648278 -0.674211430851973 -0.36093654408119 0.734839298067842 0.574226451116533 0.0456509884249037 -0.0498986168762641 -0.0770215144604086 0.333323861887052 0.212775138474528 0.24936673456723
-169.148435764686 21.5247674001041 -114.531491195736 -0.769169163676802 -0.217710629505684 -0.600816843513036 -0.456789038672406 0.844802041303445 0.278663390416238 0.531664877506545 0.49309012975529 -0.878507443947406 -0.316685954254365 -0.445213996000955 -0.0249367856388022
-169.191113115195 22.0078151448033 -114.713680141666 -0.876668701376371 -0.478705356131387 0.0478870550168783 -0.443395859636291 0.842585404389077 0.305695842248287 -0.0494311714088853 0.510575156973305 0.159237664340937 0.546270327692488 -0.598976096852401 0.569009848036652
-169.521829144684 22.3334419908758 -114.885956687367 -0.512968335781188 -0.568748625811258 0.642952943164337 -0.526270514749191 0.800101098203867 0.28788466086019 -0.273349476167841 -0.140679169720731 0.190016365831923 0.429215990985975 -0.109671140235379 -0.563317338080234
-169.944423671947 22.6193307910358 -114.830964722959 0.0986775469570135 -0.459171229488079 0.882850227239565 -0.589467625323628 0.687806981991736 0.42361477101105 0.202137360542581 0.181780821131148 -0.0540948907485667 0.0550108103905285 0.159673698422258 0.399839283603132
-170.442904551712 22.7234661836369 -114.639669800645 0.531240821538234 -0.105600395812689 0.840613910148759 -0.537932921352297 0.724495340132434 0.430969458606722 -0.214750267012664 0.114938739742055 -0.108906011217187 -0.0024292974929196 0.141007430807336 0.428565632306914
-170.808001433759 22.7515637866011 -114.237061932041 0.791346423416203 0.223997742290469 0.568854858109831 -0.576595757624368 0.582773282195805 0.572636563492334 0.126627740619512 -0.244315461200226 0.238427041247179 -0.321045943619359 -0.360640404770994 -0.138867615179718
-171.007277722773 22.7284416264452 -113.772631425794 0.799257170747951 0.571185458117194 0.186909463226004 -0.568351425682826 0.617273885039864 0.544012506999693 -0.223969965956483 0.2599089217609 -0.229968056829351 -0.110117418992446 0.0457361149575253 0.217754736353907
-171.140269775947 22.8345226968043 -113.336410491416 0.538875973523258 0.795709123154979 -0.276513429126501 -0.506724743745886 0.568413696095437 0.648178913701141 -0.0305341538575729 -0.244415922449104 -0.181246135812831 0.399411851387203 -0.0166154117526769 0.157798642196153
-171.091439802908 23.0418460023629 -112.80769724518 0.096062224332232 0.810853470089407 -0.577311613515882 -0.315311967521455 0.574913396779904 0.755018509270296 0.436314262151116 0.0921190058658201 0.16283898169154 -0.00396694329194496 0.108755760488652 -0.451896808101092
-170.934719519955 23.404842760724 -112.503053838846 -0.515467087283935 0.597649754596416 -0.61409156707926 -0.160188833175571 0.636796006317272 0.754208448682606 -0.246202718369934 0.335759343288496 -0.403751113027315 0.0388478347192282 -0.0858495301217522 0.280613083652496
-170.889223882408 23.9838776516788 -112.32711962998 -0.765733780700688 0.259948919150032 -0.588284231070799 -0.183528150955555 0.788335719157441 0.58723437544762 0.142675161574341 0.720658744127355 0.405489360602051 -0.169539181322544 -0.102149548224978 0.31900644922994
-170.895469374465 24.5363844211603 -112.313976601124 -0.946014641228002 -0.164636354377054 -0.279197366391031 -0.284438309585005 0.834694050800855 0.471572570871213 0.158457095326819 -0.18737390224157 0.248274882719952 0.398001132392082 0.2958138339961 -0.265419649153004
-171.031963699748 25.0093536701766 -112.320693726337 -0.825987826997216 -0.498769423582233 0.262627439068855 -0.378974629451477 0.836264460235366 0.396282705627394 0.0647450564107601 -0.0664135040610385 -0.668807266714163 0.102901835296012 -0.1671863807588 0.546261853932227
-171.405481340333 25.3939971818158 -112.439400639393 -0.390623635283778 -0.630297847743954 0.670923094465398 -0.620736543272352 0.7185519822301 0.313638633907695 -0.107451610020014 0.101643265214818 -0.113077103373258 -0.538784752556125 0.567796833943693 -0.184326595137675
-171.895036225491 25.574955674447 -112.438136854732 0.0606984292172725 -0.321195024061285 0.945065848080877 -0.688980884622489 0.671600074034528 0.272504460847212 -0.12246097485421 0.0168706923463964 -0.549924482347945 0.184932489957415 0.0797586256863868 0.414611638354862
-172.400081063706 25.6317099541852 -112.347722957699 0.572430232042288 -0.0157172210279194 0.81980278018995 -0.690890497039887 0.529199814180953 0.49256256229115 0.41285550889925 0.336144443265254 -0.0777691252806575 0.169101390082241 -0.177806845135904 -0.118282451121929
-172.746505891849 25.5575853218921 -111.973028279841 0.646533141199161 0.518695486323913 0.559419243321451 -0.738309029584851 0.240795208708434 0.630013844527672 0.0492573141853396 0.34081517964219 -0.140875247453194 0.0222445771565363 0.0549858511966046 -0.648836231411925
-172.93931885584 25.604638146379 -111.454000335805 0.354243662125031 0.929680016005237 -0.101027202696842 -0.787720231950909 0.354871750952858 0.503550272118741 0.541450741922805 -0.778689163539195 -0.318266688819555 0.0614633117739978 0.244970355508764 -0.376944242094664
-108.710771490939 62.3429463699899 -136.108366224617 0.567158018274126 -0.0534601637745868 -0.821872127034712 -0.267011755459686 0.932059553469757 -0.244887139785034 -0.214179147330463 -0.0693816965790406 -0.596143746402102 -0.108140921217032 0.205508505290166 0.278282821972472
-108.553144728612 62.7940397459604 -136.199570961812 -0.263518936579645 -0.29154400269585 -0.919543291289766 -0.0611967183072771 0.956368511451899 -0.285682046988781 -0.790054287706562 0.412305894430666 -0.206554171272162 0.26155991405825 0.0706278683584923 -0.167182395888807
-108.669789550195 62.4758161001197 -134.685936746564 -0.28820384164537 -0.485882683053479 0.825140329864928 0.706915988259771 -0.689210455856644 -0.158929962815664 0.251685032474391 -0.499983458916816 -0.231542785243847 -0.33547717639654 0.372585602735164 -0.529247311468176
-108.855401697648 63.4408584445981 -134.500062784367 -0.764943794474924 0.0687236927126874 0.640420209982662 0.64155215577387 -0.00700402062480756 0.767047439939009 -0.350466239569257 -0.287938684462688 -0.0719003447910573 -0.00488151449932766 -0.475771335128765 0.472047650366339
-108.726210501036 63.735417435963 -134.115570944888 -0.572495193088672 -0.632605923051268 0.52159275302751 0.624394198026343 0.075922756479706 0.77741084409697 0.0664663064835409 -0.22944331080729 -0.00498250040991247 0.619571671877551 0.110530869925526 -0.417622455539081
-107.486202984497 63.3839805534901 -134.282573900168 0.958151866089536 -0.232290639288801 -0.167290347623344 -0.238202135416419 -0.322869736226531 -0.915977552187862 0.145472956926652 0.214548189029252 0.482986706218399 0.158463178963279 -0.0638452894276035 0.209341073652302
-107.262186085686 63.4672577790645 -134.765969618898 0.209763579401885 -0.977627594567854 0.0156053547213385 -0.415514459793585 -0.10357920388552 -0.903669786052896 -0.202334933545603 -0.477321508988789 -0.182832141283804 0.235796638700084 -0.0270462086066824 0.0923295721712523
-107.157129495978 63.3172956639572 -135.258563345159 -0.545090944652927 -0.754226050026312 0.366085956462533 -0.356122848679285 -0.187006671471644 -0.915535374233922 -0.19483670996135 0.90562807529992 0.300303969469145 0.00207392550907724 0.0305478094020524 0.517111534493765
-107.176141849075 63.0544114941321 -135.621037915604 -0.909851930281366 0.0444894058883163 0.412541098227773 -0.414618347796768 -0.136198390369424 -0.899745310702455 -0.232499352227811 0.403088270526771 -0.38113827725758 0.314909120939242 -0.0420694876678992 0.574790039768903
-107.461282302646 62.7788927417403 -135.936873696327 -0.415947867048796 0.8923087269791 0.175420944172851 -0.183359956567131 0.106645691465797 -0.977243993493683 0.466317791128803 0.224079650853851 -0.470183025632 0.164360733365533 -0.118402734588064 0.117783476436521
-106.316153489253 61.7918350462162 -135.926118444966 0.320124325274523 -0.602572090096945 -0.731045342371956 0.92749095877227 0.0420702528679392 0.371470880715195 0.138094177539709 0.103207539564513 -0.122283863093543 -0.0747288375302795 0.297954652760662 0.361369529613951
-105.835982789107 62.2126949922321 -134.950100327774 0.282243488045591 0.789864592356355 0.544474553305834 -0.377440283032619 -0.430350152382867 0.819961937585093 -0.182366559959644 0.178591174928854 0.0404847627502856 -0.0531591226549291 0.265564983213885 0.199633328445584
-105.651868941729 61.9858113810492 -134.500202753385 -0.369256212619065 0.904745369923248 0.21233385279947 -0.311692788356274 -0.335817998512481 0.888861000135433 0.077569582568881 -0.245778055490646 -0.00471968313673125 0.121961580405749 -0.23115787679721 0.0641843100929979
-106.411859423395 60.7059093286645 -134.184734094354 -0.108399598397569 -0.991492811417098 0.0720522863999762 0.691414667761114 -0.0231176344103842 0.722088174798658 -0.134741523822095 -0.0108801070947029 -0.528275895210729 -0.023635739945181 -0.263707153614798 -0.257516783678928
-106.353464167984 60.6537970797673 -133.734777768861 0.56775844424039 -0.705316882130712 -0.424474315801491 0.703653288042321 0.14820482852476 0.694915375444506 0.181910671138055 -0.00340113728252753 0.076513504757137 -0.251628143586892 0.0965298876752035 0.395109641439367
-106.932032966869 60.3875293055362 -133.504949085492 0.817195926384618 -0.364412438612993 0.446535992372975 -0.0986799479319748 0.674849245748877 0.731328081908739 -0.144478511436065 -0.197252780207073 -0.154529316195101 -0.128152115278841 -0.326881905202839 0.194333607062292
-107.063354766736 60.4880163192149 -132.979722054949 0.979114330925961 0.199847579594984 0.0373640456245524 -0.164037208507228 0.667952011390301 0.7259007540324 0.0370906390810469 -0.117805520952087 -0.203724122386544 -0.0045160640966055 -0.176361463834891 0.0742723311298652
-107.076724547195 60.7631990940055 -132.510008373362 0.717641218605504 0.352381290857068 -0.600681702078824 -0.0693690962320267 0.894417218365163 0.441820968243784 -0.119149150164053 0.264385712034905 0.286721059146203 -0.311880297702333 0.355799352667247 0.298729053164871
-106.817768478464 61.0246751932847 -132.277058326705 -0.131886965365788 0.632330540758535 -0.763389753396404 -0.149833684414038 0.74855168250085 0.645925882466449 -0.245588602539709 0.358418763389152 0.65559089734913 0.00992149056169965 -0.0693086546265799 -0.0841145811254017
-106.721860742792 61.4681062399731 -132.003602817933 -0.591504870437017 0.220917223133682 -0.775446689832506 -0.246125542970174 0.866359980671465 0.434560238618969 0.05379018906864 -0.386647269786796 0.255028182825989 0.143344482806089 0.305315930639531 -0.247171541263414
-106.801309851795 61.9902716338314 -132.000768903264 -0.799136083272461 -0.098905126188898 -0.592958089940182 -0.184882553315265 0.979001828000526 0.0858711957017995 0.0497853857002758 0.0315134788851139 0.324711008711514 -0.101016986644475 0.503752133723217 -0.0724365559256213
-106.013589102539 61.9002597549507 -132.534789512532 0.453009741632895 0.430878738121603 -0.780465045354649 0.670534152643787 0.412247157645084 0.616795128994893 0.187694588579749 -0.0638364672154886 -0.0188391716396386 -0.309562168064555 -0.143061373551678 -0.155131753462047
-106.060236282094 63.0258925849205 -132.276786541059 -0.778497617331296 0.462990689252392 -0.423770080910733 -0.228188743271104 0.420188512676134 0.878277582122743 -0.226894188633157 -0.0635672665654516 -0.265505548894184 -0.451886364125903 -0.0129608406927795 0.316148687380342
-106.097661915651 63.4587990407456 -131.963410531191 -0.961919004297721 -0.126070319953558 -0.242524439176117 -0.271938532512966 0.351836372677294 0.895690014120946 -0.107422313771435 -0.537377406785904 -0.508675022166982 0.0245771714673265 -0.0164852673078489 0.191820543626644
-105.143743636113 62.3704530367782 -131.824763562628 -0.813187895382031 -0.5703787021052 0.115730648442542 -0.282578971714801 0.213104094940083 -0.935273098867049 0.031414843734782 -0.162556252168099 -0.176908166343639 -0.284576134064043 -0.33465887183027 0.442607962074573
-105.198662204205 62.081066774777 -132.267049290948 -0.924233146636786 0.305609881103249 0.228901051176972 -0.161488738672476 0.230367527007303 -0.959610436470192 0.636719796196965 -0.558200321383655 0.0361003227376979 -0.0972578835645866 0.0471631816509685 -0.308951152892223
-105.307375822969 61.913781496524 -132.741224661499 -0.583000371695969 0.723310767598648 0.370043375941543 -0.185903053615133 0.324612695594984 -0.927397785481034 0.000595723094098937 0.0761896249061394 0.101627600612534 0.491750901831142 0.543241750618519 -0.196749078740191
