t = 1
b = 30 30 30
E = -0.900523060760931 -1.21324519553361 0.312722134772683
-171.04624702933 18.3119491977965 -118.466218119296 0.937560469099605 -0.288369188705226 -0.194482847025691 0.339876007590931 0.878381484575212 0.336050988719714 0.081408806688006 0.0787601479681082 0.119823630260417 -0.178722467199135 -0.529938533164347 -0.260023152573164
-170.73525725387 18.5266043669768 -118.078209414787 0.695151079709277 0.0292759365543082 -0.718267287239155 0.377786566631603 0.835189449581399 0.399669730378253 0.0128004641879746 0.102237151767473 0.288570707637869 -0.124599986210302 0.0961220668161711 -0.103191328341705
-170.334751866162 18.8109419029602 -117.860749431648 0.12342931058544 0.187073566678847 -0.974560765646996 0.43067397236071 0.874665029841693 0.222443285138204 0.1355972039056 -0.363199174555356 0.0663928380946398 0.282122488308035 0.320631654503257 -0.0160612729927304
-169.855073496119 18.983761667159 -117.878224244256 -0.401616964338496 0.510430743257793 -0.760371139834246 0.594655265836539 0.776780416899659 0.207357900100454 0.310663241036486 0.263603033743615 0.464598406274734 0.336254092474366 -0.0968095207017349 -0.329268159660575
-169.412439596531 19.3730220362406 -118.034872770688 -0.842421802535732 0.478894036223818 -0.246953454484262 0.447257495241195 0.87708860924616 0.175146522892152 0.333362072025858 -0.287768749660808 -0.0246846861030472 0.758744562269756 -0.00969663912597419 0.196556593460458
-169.132868802473 19.8526125270639 -118.142202167124 -0.931911383855082 0.362114937303605 0.0203456340012021 0.350931082198019 0.914453608978175 -0.201548933448226 0.645518720449156 -0.558104937526948 -0.195476229934014 0.210935040015258 -0.0588242114509185 -0.351492540913622
-169.175171128916 20.2244913075235 -118.451354883924 -0.586262726298562 0.395632946970941 0.706944543103677 0.212619500371419 0.917192761283606 -0.33697238271224 -0.308177525179696 -0.235715532848774 0.203681501504166 -0.27505214372001 -0.0721644115778439 0.247713121733525
-169.385328939918 20.6299934333135 -118.708822064351 -0.10553754727064 0.374682106217955 0.921127105993617 0.192401863953823 0.91649044169416 -0.350751754137224 0.0162629824861921 0.194782162206166 -0.485641886045151 0.0868407132740951 -0.263866008823843 0.302400145355247
-169.530160112484 21.125290326017 -118.841457111157 0.291179172917661 0.163450996572665 0.942601963173422 -0.0380627345050281 0.986495489865979 -0.159304352470617 -0.295356886616206 -0.0202791043238811 0.220843170899182 -0.193083129089561 0.0935232797226576 0.0592774044925601
-169.77049860652 21.6374903472503 -118.744655059068 0.817496506885148 -0.0484105849059665 0.573895353265421 0.18765706722799 0.96447176929157 -0.185954379778956 -0.288356374137797 -0.302973521788119 -0.247351000873789 0.141153996777386 -0.149950655772177 0.528023979016813
-169.595201691808 22.1830584520325 -118.608758215588 0.857342600777079 -0.51441467750797 -0.0184717204711866 0.477804853690381 0.808651004944629 -0.343199758146701 -0.279724037471658 -0.229107685273625 0.233464294002623 -0.028305440037164 -0.273757167327344 0.203569275339973
-169.361034915902 22.6049554090382 -118.458755211689 0.687831484681437 -0.567862148243083 -0.452128775100281 0.493278650405397 0.822629123456716 -0.282767569383522 0.00827161498579548 -0.102279914069465 -0.261537293698991 0.299590544758771 0.0957821659523554 0.10896607407394
-168.890312060745 22.8607282950792 -118.313402640096 0.193141244862043 -0.357201151642961 -0.913840137440944 0.487218662995908 0.843348799480326 -0.22667328215644 0.0842401877837346 -0.183211686323554 -0.11219378996941 -0.489954399828296 0.00493919268594876 0.106947994886543
-168.445593865805 23.1409679849299 -118.495653937928 -0.2812689901156 -0.341832290036693 -0.896681906077969 0.476099028968529 0.761588352428005 -0.439673624477543 -0.411594227092864 -0.206965447521814 -0.704819617713723 0.295449302982012 0.0511083357269195 0.283071643185847
-168.018826152291 23.1466699279622 -118.78804039746 -0.709380129905323 0.230562741229841 -0.666048537009194 0.585962272805173 0.718081703612984 -0.375508830502387 0.332730416054811 -0.180375952733336 -0.0482848836925369 0.543396083303264 0.410430933533052 -0.764828026498087
-167.721618494161 23.3544474365297 -119.169099074483 -0.840733095544673 0.463589214762082 -0.279737201694996 0.541417433423653 0.72543959760479 -0.424975944039124 -0.309153686817676 -0.393098355884732 0.118108077597857 0.196355015409035 -0.176986583928682 0.377305010725604
-167.601416450379 23.5255882071604 -119.611534879935 -0.634109120978926 0.702730007561175 0.3226083680942 0.45926516471929 0.677932406783691 -0.574006237168058 0.229346913648338 -0.187988221182125 -0.0136942872237159 -0.0847143068628506 0.410115241071992 0.173001167331615
-167.647822293474 23.8251091198938 -120.02405247276 -0.226903029586994 0.665081351289934 0.711464553811783 0.135630293160536 0.744978669198153 -0.65315481014606 -0.301813415720762 -0.272229172080366 0.418613274663193 -0.504853061905197 -0.219384089887149 -0.218857005035625
-167.87908218148 24.2114667968087 -120.232480600635 0.237998425623828 0.576901214215833 0.781371703120145 0.00680331180246759 0.803478308873779 -0.595295155463112 0.205771803043769 -0.310773423270848 -0.164472242468959 0.0319476148584479 0.180888863497597 0.612681469573857
-168.193375371087 24.5700172658164 -120.299546815846 0.79239707218403 0.443702691440914 0.418610560786833 -0.19374829448505 0.833771182754983 -0.51699827194246 -0.0325980924649679 0.447213186985132 0.208534080862458 -0.501610091520475 0.18892427239648 -0.101111718290123
-168.276444194415 25.0599437232156 -120.346919344585 0.991209591734237 0.0819688610727665 0.103849174616273 -0.04334624838244 0.942826740855057 -0.330452476885557 -0.00998363670460612 -0.24716810494228 0.0460265569631544 -0.138779548716989 0.546227196673413 0.0216852296359577
-168.290883554514 25.5197792347292 -120.197638377498 0.801074413964494 -0.10470891810148 -0.589335070873488 -0.0198250999121472 0.97939868484973 -0.200960646714953 -0.26403197799802 -0.000336333916311026 0.380903628987655 -0.338831240894336 0.107757487692169 -0.00995402947401122
-168.028366072936 25.9236076678988 -120.160211087906 0.0402934501391837 -0.182006245583941 -0.98247145731788 0.0101239996280727 0.983293874668845 -0.181743392370296 0.374284554285534 -0.168521203398392 -0.285341072896358 0.318333165103737 0.705741427022847 -0.0259728526664545
-167.717500105809 26.2639587666032 -120.380313167067 -0.776901311159245 -0.0452448692567575 -0.627994629375909 0.0547894903564061 0.988772947954891 -0.139018592781974 -0.181626164028596 0.170501125574151 0.190402542486546 0.619461044463645 0.64693412162292 -0.161602709460631
-167.67095034361 26.6914560722767 -120.608560527723 -0.990279559051465 0.0216991013744005 0.137388296169576 0.0153453292247729 0.998770493007636 -0.04713834074579 -0.0928649409951394 -0.233289084192241 0.891879972739126 0.353545558813726 -0.103470595973375 0.254922582881354
-167.759864789665 27.1135676836889 -120.838982013127 -0.492350215113613 0.0247320627037448 0.870045740609077 0.00237758861016008 0.999630707145725 -0.0270702124805128 0.427895695778579 -0.643024299653179 -0.552011837065862 -0.141885317136985 0.0432333464704377 -0.19970129499545
-166.735337471931 27.7663809725943 -120.842494001813 -0.104424996594409 -0.370472172908033 0.922954922619225 0.228990862746005 -0.912050548004912 -0.340186687956454 0.195119893554242 0.150977918525596 0.638683264479219 -0.61265704060686 0.102672813532755 -0.24807910243314
-166.359146795856 27.4311954261977 -120.873665366958 -0.78132683404406 -0.355274368823934 0.513135948126266 0.167287907479503 -0.911300506135513 -0.376226186659418 -0.0956029989922239 0.251276808144326 0.875984011016904 0.0715391192450208 -0.258026275303956 -0.329354937088985
-166.237739276908 26.9761347701898 -120.742676348951 -0.950253562529525 -0.0587890248399969 -0.305879089606184 0.212462217369417 -0.840444306106991 -0.498510957274572 -0.407199362159263 0.0425722654638826 -0.299659922301861 0.504981366281182 -0.397191270652111 0.185222571557456
-165.666827531343 26.4049841856737 -120.535880721678 -0.588012610700252 0.0508775611525128 0.807250050126134 -0.604919797327405 0.634864003073827 -0.480645125224887 -0.398730537642526 -0.244934471451801 -0.4949617743692 0.404820608977247 -0.780729437591098 -0.0886535607372335
-167.263710509437 25.0253035471109 -119.639218306414 -0.769477124632834 -0.290394465427341 -0.568837418878148 -0.259379895455678 -0.671806348042099 0.693828725669194 0.0651735775578419 -0.310371519574286 0.0346121797776993 -0.348964805094293 0.480627919297521 0.049347310473211
-167.655329621138 24.8721679976072 -119.232655323512 -0.262521287490496 -0.464336057427353 -0.845857316210692 -0.314960272221371 -0.787355607457303 0.529972805271914 0.0911225922407197 -0.415819897195151 -0.116134587380583 -0.456256818115479 0.272340884374829 0.420274995701784
-168.010300501685 24.5771463748444 -119.129433844231 0.336753860830992 -0.568428763247566 -0.750656764658964 -0.498171612952775 -0.784059714667583 0.370236961800708 0.14248938612091 0.211175166600999 0.103594814160235 -0.0973146985816974 0.168199449934625 0.261153709923169
-168.431885104906 24.3514630988421 -119.312456759506 0.67479081405366 -0.659198739314123 -0.331834867600546 -0.668763345106801 -0.736333184341649 0.102805787185593 -0.300398891014593 0.280526733572948 0.14972746406709 0.124171081544356 0.396348406827352 -0.249624704304838
-168.720013603083 23.9307405437157 -119.501269415219 0.848145882550342 -0.48039681300141 0.223310241527319 -0.517270262365751 -0.841976673901242 0.153319132133822 0.543714929332667 0.447435908194516 -0.199750276993057 0.0983374859919823 -0.0471038597372505 0.206990652498404
-168.835431607168 23.3868799865844 -119.664900370265 0.588836200909769 -0.129172168030439 0.797863697322084 -0.496865901604324 -0.836441974212227 0.231277105652236 -0.0817097298389586 -0.0302883669058356 -0.313466193819428 -0.0613859227846481 0.447870383267778 0.413728660067586
-168.835771911175 22.843545990624 -119.592737293982 0.38599762378946 0.225385419112449 0.894543038249361 -0.406722022879534 -0.828780467567999 0.384317749632448 -0.254443037532481 -0.249233562940114 -0.0790805907495954 -0.266229070763229 0.393525183562307 -0.495963485749502
-168.631215104486 22.3623930622941 -119.349447678477 -0.182185564802386 0.446518715639229 0.876030511204678 -0.0555907178886484 -0.894193621043387 0.444215533463138 0.249036785091373 0.10926270078076 -0.333719346315564 0.185765016345171 -0.231663835550417 0.246564903965556
-168.475100329961 22.0028065997827 -118.999363974737 -0.663657432032435 0.455850454179274 0.593092890138353 -0.0359736561690926 -0.811398081382401 0.583385849666228 0.347419813014788 0.313225776076537 -0.247516324425222 0.131041717158888 0.0651756111248762 0.0515110770298421
-168.528989978804 21.7060554973585 -118.481223912302 -0.939487117585611 0.342232377962065 -0.0155227370367704 -0.299515827587568 -0.798540208268601 0.52213389547402 0.148631724771316 0.0974996738962285 0.50339019527248 -0.450714816906099 -0.000871516523525113 -0.62193064161269
-168.749956418239 21.558954827246 -118.001920109822 -0.819117338633535 0.145224662089864 -0.55493835970385 -0.424581923725495 -0.804005091527891 0.416300375741826 0.0161513272555474 0.571562895071876 0.383893118492592 0.370604924670322 0.22704788478527 -0.108303612939131
-169.108670739895 21.3396505361585 -117.70194207508 -0.313734131702011 -0.187715626057201 -0.930770507879971 -0.505738980999229 -0.796607197132644 0.331126949332632 -0.0190495713645167 0.0628676542688003 0.438965808821697 -0.176833308481323 0.085440463420387 0.344841549159256
-169.649165666928 21.0538208970311 -117.635075675969 0.346215645724711 -0.361063701375625 -0.86589129237125 -0.384739621190619 -0.896432145766433 0.219965524395723 -0.0515971347350841 1.14299260303256 0.154016603884457 -0.669929150553871 0.0578754879168654 -0.0794655238872467
-169.980510283697 20.6671892810239 -117.687549610248 0.670540524440404 -0.341043174200936 -0.658836063383098 -0.442482786663736 -0.896670605171568 0.0138133749514267 -0.0231404772366327 0.109158394241387 0.288834524148912 -0.528499589454351 -0.13264589251035 -0.530807774299545
-170.230059898738 20.1903317701969 -117.966492029343 0.924677638312647 -0.271418007743336 -0.267027208870527 -0.362950668693585 -0.840266847013293 -0.402763501207865 -0.362069039477301 0.0431477093478865 0.160474588036732 -0.0160842752555148 -0.475602922744481 0.47553886892985
-170.363328228748 19.9668566450114 -118.408242198626 0.75469514280345 -0.496998591537598 0.428284533270259 -0.363009573559285 -0.860094185453113 -0.358416017574619 0.149643198443707 -0.16650044752285 0.0761928325160632 0.472956066435058 0.590939883670383 0.0206533434632691
-170.341454724455 19.5890366499805 -118.762534675403 0.497550940494203 -0.486388361746583 0.718240505103138 -0.277331552180454 -0.873742648692629 -0.399576017824857 0.03647253320489 0.125969391031749 0.00589517219697161 0.385509293338069 -0.0635452407331733 0.0136919483043411
-170.144446616781 19.1430778831784 -118.989220533141 -0.257050758819709 -0.353254762479704 0.899519860912264 -0.178717217464269 -0.897365225803019 -0.403479624889937 0.189150173138388 -0.352968882697579 -0.37539443413431 0.252292069411707 -0.105279894109558 0.100792207201223
-169.942420800219 18.564807903906 -118.97800555473 -0.645748153418332 -0.0253191623260315 0.763130567056465 -0.0904228015972994 -0.989881237014792 -0.10935654327638 0.103057523438392 -0.262998565937528 -0.164313370961811 -0.321286921220989 0.12144936471999 -0.257896396665201
-169.910554763367 17.9956268387352 -118.816006519521 -0.919533067149944 0.274222086255525 0.281533631787544 -0.32641679744507 -0.931844878687982 -0.158484057269767 0.253080059868493 0.31395363078561 0.39968677826816 -0.122698197260021 0.450495859163745 0.0367585311760095
-170.09565678734 17.5240388775748 -118.659442015472 -0.780035470421465 0.581242693752247 -0.231736047787121 -0.603574721022996 -0.796596813535976 0.0336314258743613 0.0408441331808355 0.18633365145293 0.00464904789582272 0.217058171605554 0.222714222696868 -0.0716269470504165
-158.397959066275 63.6913674897069 -89.3090304900904 -0.137250941070893 0.651366114602472 -0.746246851867955 0.362036167374537 0.734240579452813 0.57430008270725 -0.166747001599442 -0.549042839276136 -0.228411027366475 -0.120853367530929 0.300042297472132 0.0670122635554635
-158.091825936878 63.9011825968686 -89.2032722081159 -0.723613361569364 0.687056111308533 -0.0658604803496142 0.401021225704153 0.496176055795916 0.770059282256598 0.0646721152134674 0.229006247564869 -0.586343379543614 -0.233823288889453 0.11352234486199 -0.734532264325411
-157.922140570658 64.275690147332 -88.9645310014369 -0.881879003610106 -0.245849540429977 0.402302655300726 0.306887062564742 0.348454827497515 0.88566334688981 0.154572801379651 0.0841974440551401 0.0345681035870232 -0.617926461652064 0.364837672530069 0.583754093308826
-157.886514635388 64.506293876457 -88.4431040125087 -0.604642779318389 -0.780661273728075 0.158035075598403 0.155420709888911 0.0789602007914327 0.984687610173198 0.405422899930026 0.152902759648318 0.184494071411614 0.309769698464259 0.00432701462060038 0.591715065287286
-158.123733348773 64.7299773749765 -88.0712749068157 0.171900851256745 -0.964830628735463 0.198876733659658 0.00434026610842733 0.202621711570901 0.979247468258247 0.121159918771683 0.0500542037764489 0.00173336385285015 0.230967618243231 0.184483097508655 -0.0216986526210334
-158.368701917604 64.8222138934996 -87.7506720451275 0.883656410450815 -0.45782189211507 0.097726472203586 0.126724774918104 0.43489850525771 0.891517875057234 0.245800002231947 0.0972575235651262 -0.464435542680268 -0.523996848461404 0.0638794181955606 -0.214055711514897
-158.293563950117 64.7964631966304 -87.2563190818339 0.900267720784678 0.24818435796585 -0.357662627869113 0.142643528812711 0.608052083790578 0.7809772641286 0.505621912711421 0.006844247861272 -0.0290560202473503 -0.528007630470072 0.0503984702904277 0.575839677084488
-158.13490465588 64.7855814795418 -86.7438452546595 0.548884296819513 0.706420503256729 -0.446873697238335 0.215936864062268 0.396627324254664 0.892220845079031 0.0843757098113498 0.00493139397378982 0.565328519581521 -0.302043340786921 -0.330194390233773 0.964885140726334
-157.758345736811 64.9042736894188 -86.4009790289503 -0.421563920320236 0.814362835976455 -0.398869693590051 -0.00947640533628118 0.435885311858366 0.899952327986343 -0.283143294384212 -0.276078336814886 0.272182176434626 -0.215396254250463 -0.314401078889449 0.310379373852915
-157.565211400086 65.2410593049589 -86.0159380333376 -0.958945996065361 0.23932926771713 -0.152131779205379 0.00520724716952712 0.551221707248938 0.834342563959481 0.10857508171958 0.155164720738855 -0.00536213380540871 -0.178777222615997 0.208986143453457 0.299066267084299
-157.448548600652 65.6911648015573 -85.7975550429412 -0.926172952201435 -0.303593047707274 0.223684876543515 0.0116235380608941 0.569907700619621 0.821626500386522 0.0837853007176156 -0.040772212819261 0.298725379397135 -0.230977340729112 0.397594408407239 0.0527381286099257
-157.50521996068 66.1236281381112 -85.599006129503 -0.487445581582956 -0.765712700381415 0.419619905950441 -0.0843746443260868 0.519637732875637 0.850210295142746 -0.0104511067580112 0.00658396776350296 -0.147556321028484 -0.392397513021909 0.197727119808408 0.916761342030793
-157.886494627244 66.4730790934321 -85.5164408715869 0.143039795160049 -0.777209915220225 0.612767790181519 -0.193684491151261 0.585181033659695 0.787432203895959 -0.0341592610274297 0.0200514342361242 0.102989388415332 0.639527176463386 0.398825200653244 -0.19510487021214
-158.17246136941 66.4825163902513 -85.0365211013444 0.900712311760747 -0.279761111745591 0.33234176956483 -0.0731708391423603 0.656399678349145 0.750856504641427 -0.137267744056416 0.489012189391478 -0.142642486163356 0.717603707579794 0.440080165845257 -0.0142351778546346
-158.221193462423 66.5302950349229 -84.4900342705853 0.893961921404511 0.291708873322301 -0.340202904608099 0.131023039275291 0.555838260247561 0.820899988807424 -0.0175547944284568 0.301015687352482 0.431504270564927 0.432094740345832 -0.465698820183785 0.21614409507063
-158.046261982039 66.6367973800965 -84.0155695299743 0.219839452753313 0.795765016432126 -0.564294828645366 0.170717875495007 0.53813750465942 0.825386838437229 -0.258050541459368 0.204026389055111 0.0476017455496238 -0.146861787941331 -0.431654218598702 0.110067570922227
-157.707904220149 66.7551977579596 -83.606791728859 -0.521382910194373 0.692397789468361 -0.498743583514188 -0.0864625355015001 0.538598224748914 0.838114659370644 0.419735893442155 -0.30638694039539 0.0892501297956566 -0.493144675806711 0.10407830426239 0.253862522402318
-157.452218772285 67.0337001120618 -83.3938656152515 -0.997094116939333 0.0698055009794359 -0.0305043275287761 0.00485915063698333 0.457890022606283 0.888995565710372 0.237201021718723 0.548648326943278 0.00353261733038154 0.357933128657701 0.172144637933404 -0.331652355904151
-157.502979180209 67.5004500627289 -83.1094923282109 -0.631208519678999 -0.718456759571173 0.292225408394163 0.185294273899117 0.226173807997 0.956300915317106 -0.00515848619165041 -0.033608601457471 -0.368987418260038 0.56671293544195 0.30113838546838 0.418981793941475
-157.828474201352 67.7128687558304 -82.6814044028987 0.0718268553946212 -0.966666806190985 0.245756360350331 0.266800751827346 0.256035001772239 0.929119710635746 0.0771785108294898 0.457335467800107 -0.366715966175894 -0.461457977647465 -0.120152327529951 0.389157432250441
-157.979197845352 67.6170791919472 -82.1522859370298 0.773497676965125 -0.588242988714192 -0.235948150995405 0.440992326262941 0.232124516713351 0.86697403474256 0.239080532644674 0.336757170287689 0.305972932265182 -0.105155861611408 -0.464138052491324 0.0486027368184241
-157.823215466781 67.4009866287944 -81.6920173796734 0.887535207550401 0.0391415019350896 -0.459074283950573 0.453660797605861 0.0997509556253166 0.885574179596181 -0.539519988575258 -0.351532752186508 0.526517836560887 0.0397198011675529 -0.300622108017705 0.242706488782047
-157.527654795045 67.1325602114655 -81.3194467607408 0.655425175218041 0.587435772245676 -0.474696801312718 0.543865688804109 0.0690114843350022 0.836329795936693 0.14232152162695 0.320894474779259 0.570669796783029 -0.329473944745408 -0.580374071025509 0.053787813508737
-157.49379979121 66.4538604490814 -80.7520694888773 0.995195340759156 -0.0943883420459662 -0.0260206575066933 -0.0508440533942365 -0.725336566430557 0.686514200605621 0.26186940804081 0.124188986031563 -0.203364438163293 -0.426094749115034 0.533987065290706 -0.224196480996883
-157.44500384745 65.9435585483909 -80.7155213802387 0.872166856684566 0.269132510332576 0.408524988199069 -0.0876984082953198 -0.735531638746751 0.671790292863022 -0.184085423436142 -0.285554392459144 0.0688188039138241 -0.0644640362615847 -0.0707393926200018 -0.0187014712487804
-157.206396210634 65.4806859716194 -80.5983986699405 0.200748308475849 0.606680469657515 0.769180683831974 -0.119237749346672 -0.764194930653848 0.633867862486893 0.509052692623813 -0.12006344789418 -0.487622099230834 0.193324247092356 0.00409910740971976 -1.02661025467833
-157.405946168183 64.8688484943903 -80.7228954528321 0.763943361894993 0.635072889816557 -0.114337065016661 0.64491703774745 -0.757397762924853 0.10213052011755 0.136454258245401 0.379663480028955 -0.0882593751158766 -0.863871475076478 0.00654013057518274 0.0583349338489028
