t = 1
b = 30 30 30
E = -0.84106032860367 -1.15299243299459 0.311932104390919
-166.006161188181 27.5489817952632 -110.07015623785 0.311608764686485 0.548898060916141 -0.77563580145134 -0.890738371600603 -0.115509320610301 -0.439593846875105 0.862204135974245 0.242786266943327 0.224432839563732 0.160831073163897 0.352066293289338 -0.175327031846496
-166.434394951126 27.8164131710414 -110.243591790509 0.459686813141319 -0.0729840087181262 -0.885077040881419 -0.879416541200922 0.101467116339493 -0.465113933745222 0.20670658570308 -0.158122810581625 0.0589191359635316 -0.566429142872235 -0.377457452679999 0.185744878264522
-166.748921151755 28.1106953068585 -110.544478858538 0.414945478682391 -0.525422596141395 -0.742799666925799 -0.861990018995117 0.0342654423773861 -0.505765841681187 0.0716012265459739 -0.540925153160105 -0.334050633436829 0.26312833422153 -0.476699590636943 0.228135685866966
-166.960604975504 28.3397269298963 -110.977516298645 0.251324225355972 -0.907693233264601 -0.336049294055012 -0.762063843502747 0.0284862465833349 -0.646874974149884 -0.0298826770167647 1.09239173435578 0.22056260496257 -0.231001833140485 0.0414056357038191 -0.225078394441857
-167.167607642347 28.3622870202336 -111.520166108604 0.0169000883193384 -0.985815892231981 0.166977284795453 -0.606981559557388 -0.142822830222097 -0.781776838697996 -0.284815797886477 -0.380820221012431 0.159914089742494 -0.186260228763363 -0.0148363387318918 0.18203070653217
-167.308943510745 28.1898644202251 -112.112564196435 -0.322884095363937 -0.73210472452286 0.599807080061847 -0.68844830967419 -0.253203107341277 -0.679652198804266 0.438806041491466 -0.0364272825574242 0.197598854380045 -0.257244642026741 0.287094374537666 -0.0757113651857169
-167.530668021566 27.8179630972577 -112.413659871467 -0.505306826316633 -0.209528339246838 0.837115814168072 -0.71039015840196 -0.449728712618147 -0.541377786663308 -0.506663175494272 0.126991972687022 0.569687293639283 0.0937508077963148 -0.24299229786633 0.0575873349983556
-167.78414113073 27.3367404256008 -112.574140257417 -0.687193951530171 0.392415349447575 0.61137113646155 -0.71025795283096 -0.53972941332145 -0.451913488220983 -0.076188416208376 0.050964189211282 0.031627121933961 -0.258254080178916 -0.27939107624806 0.17835763070017
-168.230465943343 26.9515987494514 -112.532127439458 -0.572428295004271 0.749413929616465 0.332723021709216 -0.819412053583115 -0.508074306834441 -0.265375931797525 -0.396812453214809 -0.734244605189274 -0.102743471251874 -0.0540062003667048 0.102045119175355 -0.0620100612328764
-168.654572506791 26.6779424330311 -112.337546975535 -0.339361103131255 0.867009280241978 -0.364868400462174 -0.811074862255237 -0.466164821422962 -0.353338261564392 0.224208713208428 0.129609377040143 -0.504552643063449 -0.179997489259698 0.0686449287363339 -0.116368145891033
-169.169727422825 26.5441527883961 -112.298727640564 -0.000519284055120699 0.775041725887399 -0.631909846004596 -0.897733829193478 -0.278741663481901 -0.341140816908441 -0.229764172605841 0.202393429612669 0.357551021719694 -0.459995142612227 0.259144877607911 0.129567596242753
-169.663843419391 26.6653790076701 -112.355348086664 0.29111851327126 0.312848421939463 -0.904088422733483 -0.935570353402609 -0.104359504948766 -0.337368059485431 0.0139711911458394 -0.357178582611259 -0.220430605846274 -0.269035550216951 0.234389027711071 0.803269204477897
-170.069190037407 26.9536477586948 -112.471843905201 0.403616436704123 -0.063676177028111 -0.912709765753249 -0.914713941382438 -0.00649152422721954 -0.404049830533082 0.179874786113154 0.0101044327350637 0.110589260711388 0.148757943692925 -0.318657547641721 0.00957996249665355
-170.47435430813 27.1813037109202 -112.841239125085 0.501549045678133 -0.651815899754718 -0.568844959199165 -0.836044071371777 -0.196118441270132 -0.512413766128385 0.349021583708237 0.311487417480503 -0.201320784981247 0.201783261431563 -0.315633219134122 0.301394140700686
-170.696662499628 27.2722046267239 -113.301420248648 0.198693545355334 -0.97679209010885 0.0799880474502938 -0.831863090083397 -0.211238706812549 -0.513207568242191 0.274821626232679 0.0767980461826007 -0.0540056930009147 0.0916141600032545 0.104660452952347 -0.180351220084073
-170.981975763899 27.1452281171292 -113.736360014394 -0.113312902261728 -0.825189521088354 0.553373689713377 -0.819638153313871 -0.237159557096286 -0.521486952962507 -0.381554802855233 0.648472634476012 0.283666612760974 -0.212903204379811 -0.0610752838963496 0.0116863156841998
-171.267084804592 26.7747962187527 -114.078661202949 -0.200454504212297 -0.505300083082213 0.839338917111623 -0.829452386955906 -0.368394020243062 -0.419874485557655 -0.367921059406194 -0.0427463569736307 0.314254310631307 0.0151026950262757 -0.0317575667559935 -0.0135604484979991
-171.431268411663 26.3519644401079 -114.376186198048 -0.482136045889969 -0.106314867778199 0.869621746590372 -0.689641115295258 -0.566116275709401 -0.451561174672081 -0.0404765293864617 0.637833321153912 0.609072321348607 -0.293336385887651 0.44387438551664 -0.281341358907652
-171.666598939455 25.8851131838464 -114.34639588104 -0.662297158964682 0.442115714373611 0.604893518175904 -0.722134643874918 -0.591868700641055 -0.358068425467975 0.137884598724128 0.352516287108803 -0.0655370043945389 -0.0607140018282266 -0.132780730434792 -0.227290199860571
-172.130028287634 25.5191445934415 -114.164089379317 -0.42732051601653 0.9028838652366 -0.0468817927001856 -0.778842612915361 -0.393956056280049 -0.48806025245603 0.176193452955838 -0.163279051936056 -0.100511414012722 0.651179723005635 -0.446040258056035 0.300121446680201
-172.634148102559 25.4064298347788 -114.083267215206 0.112586230536779 0.782342107146036 -0.612588906265709 -0.767774728021688 -0.32285691218993 -0.553430556856418 0.592678613340989 -0.709415443092059 -0.43193242479418 -0.368871745545531 0.419112193063402 -0.0611712551904825
-173.06605142343 25.4077885780008 -114.20648549705 0.568648246138302 0.154355678557351 -0.807968747329334 -0.702994918066223 -0.418835317524787 -0.574782673683693 -0.0345917403757866 0.0611454875176016 -0.081071886936222 0.307352505605588 -0.022972700336832 -0.160553190764955
-173.360957268974 25.3807312347482 -114.584595641285 0.848115653584813 -0.340117743782157 -0.406226240546989 -0.483981175962478 -0.185416943794792 -0.855209201463464 0.553869261151779 0.55612022595057 0.450658995154341 -0.305928667682692 -0.0239490217126794 -0.259159490293952
-174.339056709957 25.423979573587 -113.992448325277 -0.755555765796678 0.300891574045588 -0.581893242304604 0.416229435862426 -0.465418117389085 -0.781113969102875 0.0660906563280157 0.0537475321484232 -0.333622062563786 -0.0358847398940663 -0.685098293061853 0.3596833225132
-174.137062593975 26.5959548358735 -114.009793311278 -0.572982710099842 0.819304037957865 0.0207775675327395 0.80938364752066 0.56169691038619 0.171448802821019 0.858252754902429 0.60361977202075 0.163024745914249 0.274558416066811 -0.00735902628177167 -0.0389102164461937
-174.259561850869 26.3696104397356 -112.504693098061 -0.227112836624995 -0.800730411463124 0.554301874070661 0.868220445588375 0.0913507411817404 0.48769693452786 -0.298839295016721 0.205886340002937 0.282912425860899 0.173099737003322 -0.356409980423493 -0.1490662530248
-174.026181631813 26.4233935110425 -112.052182999086 0.17927122399519 -0.944380864034821 -0.275692966707732 0.928610190353199 0.0698940099994442 0.364414519110303 0.191114883164301 0.375016022515204 -0.162942816361345 0.241133347230157 -0.0645862068905927 -0.15565127936329
-173.591214835898 26.2873143388188 -111.793686556884 0.0135337774797022 -0.435770553313601 -0.899956033221562 0.977014102499314 -0.185732779031581 0.104626852722749 -0.102788920662888 -0.805192304867684 -0.285992235625114 -0.240922228372944 0.0885097024921223 -0.195308314392697
-173.176490895071 26.0021454718824 -111.770181435686 -0.0476134699265007 0.288950874045104 -0.956159165552539 0.997435384263788 -0.0374574082802596 -0.0609884971406599 -0.292641690783565 0.199981805707034 -0.584461918760331 0.264574450377175 0.378443251087881 -0.237755952146473
-172.677402594571 25.8726986946584 -111.90636628464 -0.245941577775603 0.498899260967017 -0.831030846435806 0.958272742052826 -0.00371918530048886 -0.285831278028243 0.165968415148955 -0.0954234987763926 -0.0322110610416695 -0.236709622020561 -0.126658337110022 0.0909450324481499
-172.709982283507 26.5330578071554 -114.078881429428 0.441490461611603 -0.896072842181022 -0.0462561759292739 0.672737979395059 0.296461186759038 0.677889648707573 0.14586334148192 -0.195215617201698 -0.402041545291123 -0.466582349413738 -0.0516399480814796 -0.0965673334334172
-172.508831246384 26.4099825506425 -113.617717835294 0.702335800344139 -0.376950883519803 -0.603848039632983 0.705526529589668 0.255833705827767 0.660894417443203 -0.636111395109816 0.103413446253696 0.384074275781726 -0.0803632930228701 -0.224068701141785 0.0564677699161859
-171.988981763019 26.3612328077198 -113.243001401189 0.454750895094043 -0.151053263649777 -0.87771552051443 0.877158769137136 0.246651115054294 0.412014224473257 -0.0281431966307519 -0.01237588849325 -0.389725814604897 -1.06278424197869 -0.393637830716661 0.46132714418913
-171.481940919969 26.2664574603318 -113.055298792592 0.208259464559055 0.299929965553487 -0.930951132543841 0.944511490327987 0.185529511854902 0.271066126377471 -0.0254397164462103 -0.237060895477375 -0.565145016366285 0.440807410770057 0.311857099689723 0.429146964076225
-170.985661322879 26.1010204213826 -113.124290636145 0.0172246454998131 0.871373059600581 -0.490318572552302 0.921511488351542 0.176449670367342 0.345950994598052 -0.00258554828386554 0.116291938465077 0.0105788138028191 0.0341421077807894 0.172118669560153 -0.260938504093984
-170.47198875428 26.1265290836451 -113.389096672364 -0.143106485445009 0.986857393089409 0.0750534444802777 0.968388478569114 0.123965599694904 0.216463125420657 -0.699516840806062 -0.380416217633885 0.117552420854103 -0.166595630227591 0.51382964805259 -0.519506674124682
-169.963982166281 26.2869736715146 -113.465568432204 -0.358885482759453 0.761889389164581 0.539189919177774 0.933093542519979 0.278505555608916 0.227532627116387 -0.449576542792144 -0.275433718968879 -0.244697014225987 -0.622619634809875 0.223267948510875 -0.181505883244048
-169.592784167596 26.6694708632255 -113.604515221717 -0.399578977948829 0.31769873794898 0.859886127511658 0.908767191768304 0.260410533732102 0.326080580665137 -0.318889773515572 -0.325350393685462 -0.277776323927839 -0.0189307063034701 0.274268203762901 0.559683779961696
-169.383208412049 27.1145038038725 -113.423414255049 -0.19584950023903 -0.444488458288899 0.874112683642149 0.848901016066801 0.369395837028729 0.378039390152136 -0.32173042533197 -0.278050024552311 0.362684604928631 -0.325972114340521 0.162616447000661 0.504163433494128
-169.156767615941 27.5162997920473 -113.073724518002 -0.0366836554522646 -0.786567260786296 0.616414027810694 0.722809810684441 0.405059485793049 0.559886408611062 -0.233206257099427 0.900829733339226 -0.487940689242312 -0.683542884676051 0.0667313213135687 0.46336281029587
-169.079330925583 27.730539385064 -112.637367021534 0.32953787699924 -0.929197407569575 0.167322937425853 0.760797666637488 0.366287802947551 0.535742620901875 0.111737767768016 0.04940546102377 0.200396314555005 0.414546201580926 -0.340041334507022 0.271893688210606
-168.93882156765 27.8329218077464 -112.13994941381 0.631409254621377 -0.708199745213533 -0.315872559836975 0.706154582293918 0.356805935324586 0.611584197328911 -0.0812241730959406 0.490230173005983 0.165107866532868 0.0548432833998084 0.0863640105200846 -0.0261187048134443
-168.520340963048 27.8536837058507 -111.703852362393 0.525904776561317 -0.56554907344077 -0.635278215839547 0.839610279525007 0.225819836266711 0.494024270724036 -0.174881778794365 0.166436378060587 0.228751371654327 -0.0820306731982534 -0.10025765979167 -0.38296841153089
-168.163956621468 27.6292681992949 -111.427247843802 0.536543933309181 0.090786294464456 -0.838974645842487 0.841655590261149 0.0144442037549775 0.539821481936429 -0.155663595886956 -0.5380801215745 -0.357079138923282 0.257003057429666 -0.585984919173761 -0.359464115465873
-167.747167339896 27.3540279422349 -111.354620197373 0.352893839320967 0.739789614549065 -0.572867580139297 0.866939386102403 -0.028211170423906 0.497614540269576 0.0634242375830534 0.265229057064359 0.0557588052759433 0.278473181198238 -0.0211114692329555 -0.0518564583349333
-167.208353546391 27.1447220850125 -111.371147644893 0.0722853294399022 0.994664052158443 -0.0736087935746319 0.887383206649921 -0.0304452661382895 0.460026227866927 -0.0746195777575861 -0.314748098900405 -0.0416247842653608 -0.0976009982826712 0.67374786806075 0.451316759262286
-166.679300510244 27.2565211970862 -111.326203311326 -0.259879760511218 0.937662385594639 0.230763430199855 0.920337407945755 0.168172218076735 0.353124851296026 0.315557072554152 -0.0199560185053647 -0.261940271672885 0.277324280453554 0.026315291167907 -0.0168414404937761
-166.269945815753 27.480523848449 -111.403473008984 -0.402621741703715 0.513897137502619 0.757499481962913 0.903349629487743 0.0894188657159096 0.419480289594681 0.282684062565843 0.000637974619381023 -0.25032176901288 0.496004983827614 0.0178776898194161 -0.0361527708366082
-165.893437937001 27.8026671324905 -111.296751271714 -0.467361519051115 -0.0665210895514211 0.881560068943192 0.868335135225902 0.152734209233004 0.47187535882072 -0.108517826083486 0.325333051126881 0.514864236189367 0.294837979470637 0.233239867920088 0.00637124407405875
-165.655881472112 28.1815277690217 -111.1239019254 -0.195155310815433 -0.46865366815587 0.861555653445893 0.816854038454097 0.408527163012774 0.407253037977579 -0.358711042799801 -0.146230738948249 0.196134965660217 -0.49769019290831 -0.264414454906434 0.312336028272944
-164.924648221641 27.6022615866906 -111.18422485379 -0.0994958504701112 -0.948455467963527 -0.300886691346287 -0.696452328848504 0.282349233514814 -0.659721959597444 0.0257773905267376 0.312949532512183 0.119155000553051 0.241330089808143 -0.123299844789954 -0.210665493583023
-89.3886480788726 46.2194349255246 -119.730907255664 -0.747860781565825 -0.185388466021835 0.637444403898744 -0.428787688262067 -0.598149685049024 -0.677021471351261 -0.0447180922793809 0.292466112540318 0.374128882700442 -0.0564410020958013 -0.52778886534248 -0.538251499934677
-89.4112268738417 45.7482975118103 -119.821726557261 -0.848907181309999 0.528203502739434 0.0189118273602784 -0.337172624627909 -0.513641496637313 -0.78897847507629 0.109222874768508 -0.573328318640904 0.332630122045721 0.119953082114446 0.0573172788220935 -0.15101019364472
-88.8448635255425 46.5925382588508 -119.877429679633 -0.325404964409965 0.945269990164374 -0.024005308412819 0.919769651571004 0.310532079804088 -0.239986698509524 0.243367794028357 0.315240230545804 -0.0421902831392704 -0.421559027508334 0.142532565094838 -0.194196801518033
-88.4543309091637 46.8718958265142 -120.149234127901 -0.379431042853562 0.569792900934671 0.728950021444208 0.864099526606808 0.499842669508257 0.0590704143945842 0.621123215376229 -0.360754685157359 0.347768538907313 0.246635762328208 -0.408392118979404 0.484749082386086
-88.2853652432427 47.3571546040084 -120.211705621436 -0.0152686506583087 -0.170469527223821 0.98524464403272 0.923875689139403 0.374428315617829 0.0791021332252668 0.00992956691491663 -0.337923694040471 0.0278497498329592 0.276452917562487 -0.64947236602954 -0.0891945105791448
-88.1054111238303 47.7422519518243 -120.110837619232 0.50273632326472 -0.739263135349834 0.448047102415587 0.863475808862787 0.453928449325363 -0.21990563976812 0.0278859725773987 -0.380410372157191 -0.061325857149672 -0.5452171551378 -0.0323523432970926 -0.417776066705767
-88.2298382244223 48.2801509633758 -120.63264833246 -0.297973730784705 0.70151167419431 0.647373946596046 -0.950355811010522 -0.154326000782312 -0.270198663877286 -0.627072663555359 0.113899034718401 -0.174469763910843 -0.211888276481214 0.00163047699725883 0.281451240926256
-88.3133218616197 48.8526344996862 -121.261553771446 -0.247091783174466 0.596989822471799 0.76324884706939 -0.548222725491607 0.563360741904265 -0.618123383909419 0.280674910786809 0.591013091939803 0.204080469907131 -0.0393718995734738 -0.135102427888283 -0.0802401690325622
-88.7002321867591 48.7864343764313 -121.594759484855 0.359664912595893 0.850123086257516 0.384619147806483 -0.567923569052164 0.526505214225478 -0.632657157636295 -0.257330192612279 0.320773491249703 -0.0263682644733575 0.405569938062631 0.290285101972651 0.54974882012487
-89.0246294268435 49.1196192710503 -121.779849485758 0.877935902658443 0.453797728411618 -0.152630837355238 -0.34709947834806 0.383689928254854 -0.85574762113972 -0.00129463304317719 -0.341347479797581 0.0479790794123725 -0.0468597291507422 -0.221776946975073 0.398007870004473
-89.184944523349 49.4199434232015 -122.144482767118 0.924892103705537 -0.279866492502933 -0.257389477013439 -0.139084122233413 0.381002391229027 -0.914052944210742 -0.10638722994363 0.366293255408135 0.359913165734102 -0.140324817446287 -0.558769449643293 0.513108300813033
-88.9725736464805 49.8306619382063 -122.527329034077 0.461853317978851 -0.796204047414545 -0.390833247757433 0.00754322341424352 0.444155481950418 -0.895917969254951 0.0657267303202292 -0.21139043345629 0.274888511538681 0.220422646161774 -0.234701724548746 0.533813081756176
-88.6830023908907 49.9771412149015 -122.806158358677 -0.510723869934456 -0.674624652426103 -0.532956571418471 0.0642480321312102 0.58821947958202 -0.806145169437568 -0.15208290558842 -0.147680536346712 0.200504703677063 0.00717594168089384 -0.293765082589138 -0.69819047338206
-88.5274898614925 49.9259232961582 -123.341372744848 -0.992387042849683 -0.00469124511340539 -0.123068880726801 0.0930326154512006 0.626244330450514 -0.774056180804014 -0.0651515865215803 0.10337139048689 0.414233395570377 0.338173777797521 0.0261546739640187 -0.166951929053523
-88.5966344400269 50.0562151462643 -123.826136787105 -0.693345956072979 0.500177252509615 0.518742808402371 -0.0670653595137741 0.671957265892658 -0.737547063154177 -0.529621863942868 -0.186422502274584 0.0216882087265803 0.44379643366834 0.0076436218215117 -0.0562868268713366
-88.8500150555942 50.2377276221924 -124.154373365462 0.105837214627631 0.819564471195797 0.563127482505888 -0.157279122411959 0.572976656931579 -0.804338876509669 -0.428832621424408 0.0798530575803253 -0.297279331030922 -0.410084675595097 -0.447358606240686 0.0779333747572463
-88.9074829332232 49.5484138873818 -124.03338499645 -0.64016817755241 -0.130485820487365 0.757072093727516 0.758509318152673 -0.263667421035789 0.595938843640774 0.182905397434151 -0.663005418662696 -0.339875388706583 0.150733491282006 0.00487202891554498 -0.10261248463386
-89.3821291451982 48.9872235867298 -124.524595649304 0.137574287686714 -0.320166916993657 -0.937318761484198 -0.778971287068421 -0.619470280104456 0.0972641043256628 -0.0293991687796512 0.421643804518773 -0.119898652474471 -0.00413905959715821 0.676826726832169 -0.377207733314816
-89.760564956593 48.7943653487251 -124.630441668415 0.527053487145733 -0.755239974505223 -0.389650102780525 -0.846300750030282 -0.508197609136809 -0.159719224158564 0.459355325073885 -0.0493856829729966 0.25638547544646 -0.514716265632575 -0.543197168054644 0.262592418134622
-90.0179339221893 48.5458100293828 -124.966821739146 0.306908496812608 -0.826266405989447 0.472325100875984 -0.842681849807896 -0.466587550871019 -0.268669606350489 -0.388887455906792 -0.290812742060151 -0.0623860734508529 0.253879628035344 -0.0573093564997845 0.15639615992574
-90.0201419635182 48.0986823227336 -125.209465248787 -0.202096931908024 -0.491352388899128 0.847189270491833 -0.647138434132659 -0.582288030299969 -0.492089927592218 0.130132534049675 0.0219966748013493 0.0766406005964396 -0.368140153469103 -0.300927918572402 0.477052927691181
-90.1232769350653 47.5602275259223 -125.325010083242 -0.618185973350708 0.251380273390681 0.744751005707588 -0.757001518595474 -0.445519985362761 -0.477975567876132 0.123490548430371 -0.119334119085216 0.692464535617744 0.0918716756112675 -0.10327828091973 0.513236429094885
-90.4546354796214 47.1756430186866 -125.177865823688 -0.572937711196307 0.818620294680732 0.0400398829414911 -0.699871712711387 -0.46323532904709 -0.543684297795205 0.73106292991641 0.0336228960977038 -0.312555180027027 -0.265233936362686 0.0410019900940133 -0.329970810330398
-90.8861273395287 46.898889758588 -125.161952025688 -0.241114529208954 0.861687156127772 -0.446496392783612 -0.738726889612097 -0.461327165771098 -0.491385621162894 0.14606157353075 -0.12006491397981 -0.147861823614585 0.707913221355753 -0.069762399384533 -0.204603258557644
-91.404841152043 46.8835348163624 -125.116982641774 0.116835485304413 0.394338710744287 -0.911507789644288 -0.832753318045079 -0.461214655726472 -0.306272676920457 0.231006506663214 0.0108135035102299 0.54869688529339 -0.266652972596647 0.10961193778837 -0.299906406062985
-91.8610645338968 46.908257059631 -125.268676865388 0.567773571236926 -0.231177254843921 -0.790057117332473 -0.747782489725624 -0.546116866865612 -0.377594644803968 0.207226287621047 0.0870971181697158 -0.0396032807177971 -0.188536064352207 -0.377249650142849 -0.147335849694864
-92.1252674546267 46.8086280175146 -125.687234442654 0.578493774536151 -0.791068825536722 -0.19888455467147 -0.733643312095557 -0.398031173046993 -0.550761904910185 0.196836113950557 -0.706400148409804 -0.0377953488898662 -0.304841819639814 -0.0170227366712244 -0.0254402179000079
