t = 1
b = 30 30 30
E = -0.771928890040083 -1.1250917979135 0.353162907873417
-170.775755713935 17.0016197236255 -118.197694174064 0.589673313685074 -0.53159579800462 0.608022442572226 -0.0129978564018522 0.74649284568423 0.665266478241026 0.395361727868762 -0.218156362533608 -0.52089282424093 0.0119350147997894 -0.00172765065989523 -0.179181937355822
-170.93588436413 17.1707788102438 -117.80334392487 0.897916420385853 -0.34017003819341 0.279339304640342 -0.0160559773990094 0.608887749937465 0.793093886980509 0.690539350774209 -0.259587802316539 -0.00589832456961685 -0.0918699147820241 0.211991446255992 -0.0590947291757324
-171.013257961602 17.012219534483 -117.347572049221 0.944166073862236 0.328832619223011 0.0204825169963093 -0.18897964301657 0.489589126221361 0.851228043482553 0.693498660130855 -0.0949339479495318 0.209900084968411 -0.0272450434178967 0.0917491275803398 -0.107881590840869
-170.937850758546 17.0920762107749 -116.766767203885 0.724195506166865 0.559991166021038 -0.402431065930696 0.0159312967655075 0.569834179525874 0.821605259006686 0.0400855382228265 -0.40485545994246 0.361391362134793 -0.0337437420031059 0.057433393655606 -0.0339905671024855
-170.646719356673 17.1998579580045 -116.352646093913 0.216610061162533 0.781663316990747 -0.58487822687649 0.0695730850003679 0.585218950354569 0.80788511930189 -0.251911548946296 -0.148764177778153 0.0493480027916862 0.371052453683204 -0.351679783407938 0.0474866526340287
-170.336206797543 17.5064886596912 -116.064997029156 -0.446401461562878 0.675096720470825 -0.587341598325934 0.101284024933368 0.69027177742349 0.716426143845905 -0.428744654312967 0.304254691180042 -0.295160208962672 0.0104957326517476 0.693310175259074 0.138796338776187
-169.995065116821 17.8828789935899 -115.994142808002 -0.893489222155607 0.446952904593005 -0.0437048162980149 0.361266635764894 0.773166307870552 0.521248768110712 0.15572662063787 0.267523070572386 -0.0243434900368117 -0.53548200403121 0.156231407497586 -0.125118050121107
-169.807589225636 18.3166816837941 -115.686254254534 -0.945547263669694 0.280106271241432 -0.165773486957279 0.175993830665142 0.868426556388566 0.463531539085429 -0.137560624345143 0.168932215222589 0.141205141157345 -0.45218326500935 -0.419866678320286 -0.0146013303792733
-169.78117012694 18.8462109878396 -115.678077984766 -0.925132518112801 -0.171684187176212 0.33860650289667 0.0295503390056774 0.856634196414351 0.515077305846597 0.0313964941307066 0.238008045926782 0.306915141337087 -0.304680862818593 -0.0712496288168242 -0.307241123864543
-169.862248095721 19.3132104184675 -115.643961168362 -0.703475427218097 -0.447515105856601 0.552134542779629 -0.27160238968418 0.887177890473666 0.373024841763302 0.301940409952886 -0.129832455794789 -0.0454690244753765 -0.516365231542557 -0.345783985502034 0.209739097485688
-170.188269995538 19.6879735831585 -115.686528487317 -0.176174654809331 -0.49211699605803 0.852515896153048 -0.235608902165854 0.861969215015671 0.448884748666592 -0.300288609713837 -0.589065096241484 0.0202210518931827 -0.154836055956096 0.0157799751827283 0.0781576380069064
-170.519453041934 20.0804405780391 -115.474270325422 0.357258251753412 -0.473674995521932 0.80498356515608 -0.238824123742954 0.786882440489514 0.569015872157953 0.176403613767931 0.197488614059218 -0.160374210379717 0.131923159137522 -0.148049228889142 -0.15075281908095
-170.730954212083 20.2805657462603 -115.173947077885 0.85732339272241 -0.14044164081641 0.495250185073898 -0.230213788340554 0.755899165952902 0.612876873906658 -0.0543848093367183 0.286731703677094 0.727054709703359 0.400924636231592 -0.0729227604426979 0.519212433200669
-170.888210832451 20.4949200841007 -114.693481690063 0.999205026761548 0.0280324377781937 0.028346021355122 -0.0392125690194881 0.562856690987737 0.825623836769038 -0.20855503215306 0.355617574029019 0.236509602388721 -0.24792742465582 -0.542641959464823 -0.483901632014719
-170.775520290823 20.6564818167415 -114.157962243703 0.804455338318484 0.320467176645993 -0.500152374125565 0.103756090339369 0.75323832537831 0.649512662616187 -0.036522566890578 -0.137793965699732 -0.527163288861766 -0.056759535993432 0.530414630480211 0.484965580447222
-170.446613967676 20.9270152624447 -113.810914028412 0.404020280853117 0.459802077664251 -0.790790529808626 0.459156189098063 0.645757797400845 0.610059391460334 0.0646250856102099 -0.169623778956378 -0.0289486434014077 -0.0891008952378764 -0.101365113820017 0.0958931502580427
-169.990110642657 21.145143625039 -113.552219996411 -0.230313722094054 0.613485850148352 -0.75537454357619 0.433151254620043 0.759733738238644 0.484958387496308 -0.424628583821579 -0.155793730992152 0.0684674576205421 0.642978140513796 -0.562202603745192 0.387175965077252
-169.555651151401 21.4370357649216 -113.459962389772 -0.672940704163644 0.633270654601858 -0.382255263796162 0.513207123540815 0.771875731254819 0.375268309142673 -0.867714697734714 -0.531269128646728 -0.232677576235714 0.387178395452634 -0.0726946344942803 -0.953523460920562
-169.306176503427 21.8528292337476 -113.584508369213 -0.894302208708755 0.446978406711721 0.0208293886634557 0.431282960485153 0.848624590157615 0.306318972600431 0.314033095568306 0.163124298463556 -0.251929188771494 0.173285355120589 0.279259381419108 0.412469577811202
-169.184168126639 22.3766917930932 -113.636839688428 -0.843386323429725 0.0668381017589122 0.533134296031457 0.354835745891131 0.814368995062656 0.459232765946122 -0.0555766719764014 0.105766492124761 0.497952407477665 -0.349966726938252 -0.101826013887566 0.54392788053596
-169.15842240813 22.8266650665179 -113.545849178002 -0.195390009581704 -0.519027486698865 0.83212571899126 0.583185943387813 0.620676233855231 0.524075536695001 -0.0255352259105814 0.0835110988509016 -0.646373211733118 0.161441026816075 0.0995577891523228 -0.595967841376083
-169.177548265317 23.1986888749704 -113.245533563849 0.523312702817492 -0.741787773844443 0.41939803724476 0.552155162085467 0.670047116174545 0.496146691099062 -0.156605266175431 -0.0303672834511544 0.450991604639347 0.147789977923633 0.287342984508268 -0.0718134580441141
-168.593764283382 24.5442147205066 -113.446029004046 -0.372266375426766 0.795164226167266 0.478676925650725 0.0377547883193018 -0.5023449250344 0.863842666375739 0.415777314217569 0.083013251033985 -0.0814062848184506 0.582972014113207 -0.0217053647848644 -0.173473310460482
-168.350585597847 24.5252618825978 -113.036487867236 -0.983064322545368 0.182999856795887 0.00977702158643191 -0.119841149275672 -0.682309242884705 0.721174178693599 0.170846792748931 0.0204296781966211 0.193144011408108 -0.0915380428858567 -0.0666804315995486 0.140668488148007
-168.461871075506 24.5020358173267 -112.592186183283 -0.78953204065468 -0.461863634961369 -0.404130102169991 -0.1327549806323 -0.514381684071366 0.84722346415171 -0.596283121040595 0.231294540955751 -0.407505831991105 -0.323210424000984 0.187887354056703 0.298699001935558
-168.72397620875 24.272967843611 -112.247803500792 -0.162271346687048 -0.678812316314628 -0.716157698599924 -0.225198783457821 -0.681145945383977 0.696653220057214 0.139055296015187 0.071250850090503 0.135737050815214 -0.162675546894205 0.0255437853245212 0.179789915929579
-169.072638805606 23.9412276107293 -111.980326872615 0.6056043654639 -0.51392494173981 -0.607556175829692 -0.111085838980987 -0.810608420781547 0.57495558483759 -0.12761308106382 0.533834116871323 -0.325947036603012 0.0248426354629001 -0.057040544483205 0.0205039880176821
-169.258148980567 23.4270915661911 -111.961642797375 0.983472596503284 -0.130773042702071 -0.125220059213896 -0.0531492218162219 -0.869655543185529 0.490789564301255 0.880491722370067 0.143128342012817 -0.454480579102339 0.0772593322995116 0.164369872652557 0.0784408009501198
-170.116712583356 23.376248412567 -111.227389635144 -0.0208984925044023 -0.275141938981561 -0.961176449162437 -0.283083498865289 -0.920415154333267 0.269628775066487 -0.958058127674166 0.0221848974352101 0.13089925671171 -0.274500556457221 -0.183872576879506 0.18098610082133
-170.912672055619 23.2709500272799 -110.550683151834 -0.111655944591955 0.674780727151211 0.729523077292666 -0.26271060967679 0.687952669800728 -0.676538439172011 -0.325738152316905 0.350105978594643 -0.289581467829071 -0.0614702139791925 -0.386712090803513 0.446103661555304
-170.171189845981 22.4822931926117 -113.010997343325 0.792811856148753 -0.0600226782520024 -0.606503618163508 -0.464639464813903 -0.703519752229371 -0.537745409985594 -0.70398608712468 -0.0938415523527456 0.554652846733666 0.0104241898445441 0.698943285687755 0.0518945495835388
-170.378262168046 22.3286034420844 -113.47864424323 0.908270429645661 -0.414914841896849 -0.0537633760565746 -0.344906531763674 -0.669813566184885 -0.657563130734564 0.20776952337852 0.0258512522189179 -0.238995132478226 0.00307923421982493 -0.158458829753529 0.0982111511820671
-170.387031495236 22.1338028366547 -113.960741468286 0.673666908845448 -0.59464513697787 0.438828049462644 -0.13524790839385 -0.682955278106216 -0.717830127106651 -0.184659764990594 -0.390442339964162 0.241473087363138 -0.128908810658621 -0.205200880468385 0.0734991869486635
-170.20140143449 21.968941678621 -114.390066029522 0.0788252059379199 -0.702916350892882 0.706891215503687 0.0320555980973001 -0.706943686865402 -0.706543036362101 0.376553145405154 0.225061288534634 0.0254503498414148 -0.0216776673291459 -0.123828911893425 0.0483483335309718
-169.892059372333 21.5536665266403 -114.624343691665 -0.547801971405621 -0.54931181251312 0.631006761261453 0.121312423240999 -0.798428466802803 -0.589741705635886 -0.190600724206161 0.629674446368231 -0.472893773573092 0.251871923554938 0.0459874229945188 -0.0352896737689094
-169.810496980295 21.0180752991714 -114.815129548046 -0.758216085540252 -0.248367001171068 0.602845088192073 0.0539077530809868 -0.94531878649129 -0.321661850495821 0.489517517587901 0.0308409908260106 0.627334255206667 0.128829099755288 -0.125288887377581 0.644788110945408
-169.646974167184 20.5530641676236 -114.643865660358 -0.990311976075469 -0.0231925593227009 -0.136909806929831 0.0875824143508542 -0.869430970083807 -0.486229481783662 -0.256545946266713 0.437838049000181 -0.441780163922447 0.154698285637638 -0.0672745081671067 -0.0519642791149704
-169.71918027885 20.0166566839613 -114.599829905871 -0.872253135786079 0.271984142889833 -0.406446913049953 -0.131873481826973 -0.93110847123185 -0.340068227847175 0.691470889786981 -0.0143236205706135 0.0991791271193457 0.571170680041357 -0.378509456291585 -0.336158766712757
-170.02576217202 19.5772932654251 -114.508464533032 -0.406951988736361 0.418003211540297 -0.812196647373971 -0.167535869453691 -0.908225665481887 -0.383481255091276 -0.28935588551145 0.389217899406451 -0.168962631608887 -0.380518974387668 -0.52755711948177 0.231496311470115
-170.383056679629 19.2025587675548 -114.609224642743 0.236153995496319 0.354963399409102 -0.904561924630403 -0.159737125055638 -0.904046736442564 -0.396463805670213 0.281903924359425 -0.3590852304285 -0.119524069352703 -0.523425644656367 -0.169037584353134 -0.34077917975502
-170.64043703841 18.8882302386537 -114.858408887925 0.608049819740582 0.399782010538664 -0.685893403352962 -0.156942743130115 -0.786375437946984 -0.597480247349219 -0.301901794728493 -0.284252323635054 0.0795183699869198 0.100300705404817 0.120671690982226 0.224224218970902
-170.882008733198 18.6516846319998 -115.275145401554 0.899990342908414 0.191335890759394 -0.391673281676072 -0.20004513017167 -0.617028854557806 -0.761089573268273 0.0837082728712114 0.409965922542043 -0.105016678669276 0.298165032029488 0.219379396466313 0.371946102724181
-170.946106189111 18.6215877596162 -115.771291098933 0.968084039446959 -0.247490764392795 -0.0395172634215682 -0.164358313986359 -0.507885089850743 -0.84559983451445 -0.0649278425924755 -0.328141280693179 0.554129927026396 -0.0287796822791902 0.761600141675777 0.253339966875544
-170.944845017169 18.5402760825295 -116.276639791196 0.684140896243197 -0.649492952522982 0.331828477847418 -0.00843309251543968 -0.461978585965908 -0.886850984697861 0.427027571798596 -0.455513918200541 0.182795830325704 0.0326825728338476 0.0574211292765603 0.220046955267341
-170.764695001487 18.3497182550704 -116.763454471007 0.355056625572141 -0.722704152638673 0.592986931050037 0.165976476708548 -0.575505117722309 -0.800778164446838 -0.0100929589070022 -0.35818938974204 0.178212599506767 -0.0795262797451417 0.406330329739632 0.338346689955842
-170.395059777181 18.162216414467 -116.980019272482 -0.260001880973242 -0.850690376235149 0.456864209225541 0.329140217627028 -0.522879239208546 -0.786297665229349 0.324952767497838 0.602937872614677 -0.527218213910895 -0.100463144537114 -0.335882282537248 0.205379081136538
-170.077876043257 17.8418634538119 -117.267941211751 -0.713009694021185 -0.608440371284306 0.348450126737287 0.217225404689216 -0.664203718378122 -0.715294725305788 0.0830514106145677 0.346149614288475 0.541088598568851 -0.445502197584389 0.40644158664699 0.308232680072132
-169.844952618508 17.3763664894685 -117.256698139719 -0.971549663304516 -0.207373935752301 -0.114399748703759 0.232475589676837 -0.742767285929604 -0.627894783508493 -0.439014306510147 0.364436291765898 -0.322542624647691 0.368954709098935 -0.040113152406419 0.667552165778448
-169.816758930875 16.7839604654775 -117.474342159041 -0.935458248570331 0.260443052065774 -0.238929449445633 -0.0628549185678523 -0.787829804823584 -0.612677286867615 -0.0715688316336651 0.270465194511123 0.427483589297093 -0.0502247709674759 0.153320577248078 0.402694168549271
-170.06937370867 16.3108013964545 -117.487660060833 -0.536988456701805 0.630989958068975 -0.55990630482709 -0.222247118116841 -0.746089320994709 -0.627659894836697 0.487634090001455 -0.0279266111656644 0.143259400843896 0.319461404836925 -0.419332580623642 0.0105139451638429
-170.383243371772 15.9588220215831 -117.616221627422 0.306632270631836 0.584023722368774 -0.751593601833921 -0.089306356791124 -0.76849550639333 -0.633592164795269 0.441337441097259 0.464403967747515 0.471681670532706 -0.565859907497745 -0.00681349923074828 -0.129327796772344
-102.595958499957 42.1833455358796 -115.875032460987 -0.800319447306146 0.598572030084484 0.0346454479567757 0.116221878027177 0.0981878858606226 0.988358039446261 0.0771699282176119 0.337115817090733 0.46104272615221 0.520470958178312 -0.122673391420807 -0.0700813668644363
-102.555723650661 42.5394298603566 -115.440579152245 -0.982161288114878 0.0449739934593276 0.182582978507975 0.18647747769462 0.108022774952423 0.976502550126845 -0.754923735054559 -0.709586144233265 -0.380870201506641 -0.621484000676132 -0.162393106890309 -0.18673203636063
-102.506001388487 42.8831943877377 -115.004942340125 0.301901717009138 -0.338703441893317 0.891142711195326 0.440693269909387 0.878473669075142 0.184589963427677 -0.0111579470497424 0.0468009771556262 0.431265032032608 0.239815690311283 1.07637280967343 0.170633757467355
-102.414962790442 43.2771271514204 -114.710104554151 0.814607157465624 -0.536348082766576 0.22078476649985 0.542604419140162 0.839189163438583 0.0366332130288667 -0.252661512551952 -0.436286823699258 -0.245835793411726 0.119409530170846 -0.146315458002931 0.0620409805044904
-102.030213037403 43.5111088059532 -114.395699249857 0.517059531764259 -0.597123081534289 -0.613264597144431 0.638370492223163 0.746307305186719 -0.188437047534966 -0.549346568362898 -0.453106209712492 0.155151855663674 0.524639497827383 0.00245345157847059 -0.0386602520795682
-101.908202590189 44.0348080260642 -113.825798910981 -0.672173996500509 0.73934399156332 -0.0394027989837143 -0.197179248770027 -0.127460855123548 0.972046333394484 -0.258846430314718 0.368942366355138 0.355446932124599 -0.431560560111923 0.061001603722247 -0.245142738345189
-102.069984535156 44.1585438439063 -113.354516801425 -0.914183079017446 -0.0800714207432524 -0.397313309138189 -0.386096651386279 -0.126132435670993 0.913794279069422 -0.0700955371147025 -0.46710389329874 0.529827293075209 -0.13654952844875 -0.399483349420344 -0.422442493584128
-101.749209929542 43.718744100182 -112.605665539369 -0.407027321422116 0.347822496767848 0.844599473335212 0.0745234778696479 0.934223145183235 -0.348817095696523 -0.148411500903893 -0.0610942889243426 0.170172113799164 0.114783682068128 0.142528179790139 0.230537296815556
-102.296336595936 43.0544296312964 -112.842604790977 -0.426871757790047 -0.68355910431331 0.592053589898433 0.313638152512383 0.502153924426852 0.805898595030002 0.00655014832058228 -0.29270922078753 -0.00862099070528951 0.251057985165845 -0.0433426670595918 0.24105674804504
-102.431106740524 43.382884862178 -112.387217314842 0.246832825110915 -0.789188034938444 0.562366252506105 0.35427254337117 0.613640389493593 0.705646113427597 0.354709896496896 -0.664047644507062 0.242925676784284 -0.31931746550337 0.0537857327866311 -0.411154885233789
-102.564121776129 43.5576448402442 -112.017315537966 0.810582442329206 -0.5526909325082 0.193620343225693 0.243354998272991 0.618617492236258 0.74705471226335 -0.0422334624823437 0.696049492477313 0.0777110816865437 0.25769649112785 0.688724736302528 0.315005868539185
-102.446140749307 43.6703557761455 -111.503256613167 0.936003466476088 -0.211473500832701 -0.281383135938011 0.350416531980468 0.4843081827639 0.801656932997346 -0.308270959034518 -0.213374684795758 0.40142124203081 -0.612701036267035 -0.340883028807256 0.43570116553339
-102.178871790479 44.0396569598369 -111.103181205618 0.855868781961068 -0.340881746680989 -0.388957919117475 0.489634008486344 0.29182606768265 0.821642309009508 0.346908971010167 0.432848028831576 -0.140064812464143 0.561988713884258 0.00170155395891431 -0.0853249861192995
-101.966297151919 43.969632999128 -110.643349818725 0.765366825410957 0.376522243804848 -0.521962280706676 0.476539611238091 0.21356438720183 0.852819002743346 0.342753892226779 0.0957309625442449 -0.268741977740981 -0.0340465040582143 0.0170795152821397 0.572649946652533
-101.582999312225 43.7701088065582 -110.402840210828 0.34243758474871 0.876876780861056 -0.337377550732443 0.546437725118361 0.106229975391803 0.830735219486767 -0.104990646385097 -0.565609421839574 -0.552368990452682 -0.047639182615826 0.11327879632368 0.323561891861998
-102.315489696118 42.7516935451968 -110.588300468933 0.287949564537422 -0.55574887116044 -0.779889889975889 -0.187965263383751 -0.831340556160867 0.52301237025831 0.739844271004552 -0.040746765358069 -0.423057829298044 0.0838474184957713 -0.258630588668278 0.631852056858599
-102.402636779495 42.1905328323128 -110.360547954195 0.498516354716252 -0.0342578320017601 -0.866203119959146 0.127192230542914 -0.985514190184255 0.112178061290923 0.15477555655188 0.185406070479002 0.193331255406836 0.619622355776619 -0.422447667161905 0.0283810089065936
-102.521153294672 41.6236605931868 -110.417606904607 0.860595813252616 0.229221263121958 -0.454788366984956 0.19311199031181 -0.973172739569584 -0.125070292861415 -0.255070995744734 -0.0480133668360475 -0.248223348919719 0.495894303311473 -0.194714557227423 0.15646438804403
-102.425001786308 41.1711146391073 -110.626026600493 0.894429902990412 0.444072708260302 0.0528637722350802 0.434315853730046 -0.834375918604572 -0.339391463728124 0.00206997462372224 -0.157336563446743 -0.183507345119004 -0.493074609198463 -0.118529732749107 0.138240930429363
-102.200269884528 41.0490775898899 -111.007296326912 0.615536342520499 -0.220058407621345 0.756762385608353 0.237362841807961 -0.86387558861535 -0.444272268685917 -0.690029932066145 -0.268541222319035 -0.514549007305985 0.359529109414803 -0.0496101505134484 0.431665956325976
-101.793472070856 40.7600672415697 -111.201850255605 -0.156587106785648 -0.427300626368648 0.890446322185375 0.207161788688829 -0.895722302348795 -0.393402529709991 0.239723040195914 -0.371294852168825 -0.0844830887308081 -0.28230584928237 0.44296513169314 0.753253746538762
-101.365706726254 41.1944323186979 -111.94667398761 0.27200757953692 0.810787345884116 0.518300835836347 0.939249625014463 -0.106524343208998 -0.326286233565074 -0.372248538886744 0.355493832916948 -0.420145976662999 -0.0114187212191094 -0.333830369181237 -0.0813283144619633
-100.892399647511 41.2633631859764 -112.213642360569 -0.0120200144967135 0.79832421142184 0.602107941078007 0.781636619436798 0.383041321374926 -0.492263690794645 -0.105094454946407 0.592053842023227 -0.228955319538419 -0.226254887273163 0.56646609226538 -0.0429958565419875
-100.710816338559 41.6441935830061 -112.489561698123 0.438448407739922 -0.0134348058752667 0.898655940692221 0.892002126636849 0.128858162206514 -0.433275639873855 -0.911082290522792 -0.467765451030551 0.534387322905207 0.169326044036413 -0.109305275909339 0.329402462459513
-100.313737808728 41.9322857010432 -112.705403742109 0.231896820748651 -0.57878582352527 0.781812531885261 0.972444383113049 0.118111686938902 -0.201001371040917 0.464230536820274 -0.0969445851861398 -0.342767463344884 -0.409667053173896 0.052105500526355 -0.283721272419901
-100.266782807828 42.714126365049 -114.004825616624 0.109106713728657 0.973242405089459 -0.202224988453501 0.969789940423797 -0.0595666896611537 0.236557140952497 -0.609760132037703 -0.106248310819099 1.08423501454328 -0.179567688364621 -0.084913292551118 -0.397684551229988
-99.886511581945 42.7855570841062 -114.269474266987 0.0598373365647897 0.712736372364177 0.698875065131089 0.981059471953044 -0.171209345952113 0.0906072422594523 -0.172770664006776 -0.561854668036665 0.182092943602606 0.0689835788664634 -0.549799379406856 0.109985427879347
