t = 1
b = 30 30 30
E = -0.757088047554652 -1.10976002734789 0.352671979793237
-174.044023327457 14.3474083276603 -126.968074467127 0.202096908186014 -0.979134107594977 0.0212894115898335 0.252216610994838 0.0730385879717982 0.964910434084618 0.124486891975424 0.361781694276602 -0.305956381868865 0.365654781543393 0.225704612348432 0.139623364918064
-174.210120618502 14.2119747790804 -126.554845729575 0.696789976614934 -0.717203985860861 0.0101079747848658 0.0528471036772969 0.0653865870675637 0.996459621793365 -0.400453729136867 -0.5475287040938 0.31663662179413 -0.427043144835265 -0.571465110311114 0.686074773689796
-174.219216785986 14.0814008267646 -125.988590489187 0.874004698853138 -0.362218260598572 -0.323903871652656 0.298026715761727 -0.126895773506412 0.946085376358015 -0.198639007741082 -0.00826063203593365 0.0821046868645181 -0.292722705366251 -0.13222271371064 0.544401192741588
-174.019488722327 13.8096435489311 -125.611575663775 0.889197738073373 0.179364764496043 -0.420898638465933 0.4544649318124 -0.240077740992421 0.857802019135375 0.30918195654155 0.907422294827997 -0.634855163389546 -0.533991019865858 -0.0934067009875168 -0.502389033704473
-173.684101203454 13.4750424136676 -125.377007151707 0.539005400162942 0.82731757821137 -0.158173333332958 0.534984619797617 -0.191211324272894 0.82293966124486 0.213134056244907 0.383965524146474 -0.248686475508394 0.0554413321615113 -0.542877663156472 0.0516374989875465
-173.129777789067 13.346451063856 -125.133841671609 0.0302504225004319 0.997789401200507 -0.059171131394278 0.228398437166305 0.0507318380351472 0.972245048590923 -0.31148820822472 0.106243712907111 -0.0811928643893588 -0.469639252966489 -0.594406231214725 -0.300615310649336
-172.696927136103 13.5492442261797 -124.872876889857 -0.656148226377791 0.72997392929643 0.191331041832761 0.443094250610289 0.167445117143991 0.880698369375544 -0.105934406899067 -0.00360404051783297 0.293544541658793 -0.500364467863513 -0.326500977783645 -0.170936653143578
-172.43715265357 13.9167550298086 -124.58124545895 -0.928064867649994 0.227733670667271 0.294674357008226 0.363621302117342 0.383141214903744 0.849106800166253 0.134427302989902 -0.415110248538696 -0.191536502751087 -0.135096839163804 0.534951608452256 -0.0709371176409354
-172.354002994524 14.2918312311322 -124.277673348193 -0.782505477046882 -0.362341084534907 0.506353746751912 0.352126336774504 0.413164666795181 0.839822600947245 -0.418212736179309 -0.131040453465865 0.326346361948353 -0.17637657499231 -0.11017131025013 0.0671946367388574
-172.307484275789 14.6456661384454 -123.829871429818 -0.624490306483139 -0.684407810221917 0.376294839741176 0.222387816153713 0.306031775186338 0.925682565355253 0.464339600296217 0.32008758364799 0.200522508075236 -0.297049327136172 0.453120058728662 -0.179224931412626
-172.458809465076 14.8774554038409 -123.452839436099 -0.214397091617846 -0.919758394762457 0.328752767851157 0.0292082455359305 0.330391683444493 0.943391866566289 0.237675280260725 0.0017996187166536 -0.0968139980380315 -0.0785428457473132 -0.18777949883864 0.0918381848478714
-172.72227920553 14.9645086474586 -122.964337259096 0.403385811624059 -0.892798769462984 0.200475046391762 -0.0455745806231848 0.19921614474127 0.97889523712982 -0.338094632755281 -0.20789675732764 0.249958133865826 0.165679612025831 0.413708566098234 0.347584916804392
-172.988409962687 14.8673665779327 -122.496292404768 0.807151544676221 -0.582098385082386 0.098325246052418 0.0171983010635722 0.189671096617061 0.981697047743655 -0.306299217588021 0.100125661431037 0.0607519888582808 0.405122019371235 0.0808942464515897 0.282978186216377
-173.072317535834 14.6427531961013 -121.936704997987 0.997359603010954 0.0125857956622027 -0.0715221646021848 0.0712853588835904 0.0183535727886412 0.9972870920526 -0.104186730829089 -0.136109915936409 0.424752311908209 0.0081207719148579 -0.177798526064495 -0.451236866557237
-172.93565328699 14.3128728167116 -121.589716587575 0.879477174446955 0.473441962374053 0.0487094230124598 0.115642903766939 -0.31184732759732 0.943068376672 0.0903127320768448 -0.079579891432353 -0.230450551678973 0.884113289760085 0.547892498963237 -0.224703739772132
-172.613580686336 14.0272180938683 -121.12471231403 0.519519433172306 0.852844371790287 -0.052497962455291 0.22169888544801 -0.0752045676011805 0.972210819320084 -0.699859133765737 -0.348945820100161 0.142563615297678 0.223731570668939 -0.382724379839629 0.0252906996797212
-172.25845392606 13.9822062403462 -120.769732771064 -0.184317448104573 0.97550360370012 0.120082461218517 0.210204958745104 -0.0802243447368449 0.974360266960077 -0.428496770567606 0.121186252837892 0.497168600934132 0.161623290944083 -0.362086536302067 -0.574297741907654
-171.943556126697 14.1749995483353 -120.402138030086 -0.787822254199201 0.595337478331891 0.157827065745761 0.205351490518674 0.0123109912178022 0.978610854649076 -0.539065117721923 0.336198378280154 0.252968688326727 0.0680602916182887 0.154931886870194 0.189408563553183
-171.803115223874 14.4453456833249 -119.947941410922 -0.98169833851228 0.19029065555194 -0.00760516744342252 0.0178286565118391 0.131589113207767 0.991144007847586 0.298279826212353 0.151268566401532 -0.0446355026261332 0.346100146952457 0.424625647528294 -0.113314324933714
-171.838820105541 14.8019640463355 -119.532136541869 -0.911428798792622 -0.411450487404012 0.00245787437381842 -0.0981414832170382 0.223192524695449 0.969821296008719 0.32719786836754 -0.0129841822912621 -0.562215708059608 0.0395821898839764 0.0373274305865407 -0.133085815060758
-171.902565706338 15.0678632723848 -119.20892254306 -0.65273499218749 -0.751235068431922 0.0978922976136633 -0.229494884448497 0.319219251825448 0.919473309713758 -0.320727778964134 0.0483771512860659 -0.062580789780249 -0.354787637617959 0.298106626248454 0.0927624468730229
-172.244224291544 15.3141377829822 -118.859749413367 0.0719961198866366 -0.974119294355336 0.214261893686043 -0.21292418302263 0.194856538124665 0.957441497865126 0.416091783869456 0.207640495941031 -0.050231984083614 0.0644962072718932 0.0276085134122539 -0.0885426192231222
-171.679362181583 16.023536286221 -118.062168420687 -0.0116504181087752 -0.995757183640558 0.0912792363361814 0.770259538360529 -0.0671467275069405 -0.634185746094733 -0.479722908065309 0.856320444196734 0.045155612143245 0.111137237332818 -0.33848066265554 0.296947544234855
-171.194868400089 15.9052816261649 -118.133824403985 -0.609390057924491 -0.659321379645269 -0.44038514466935 0.567870281626621 0.0246791574185597 -0.822748006642624 0.0735338990799093 -0.225360243954861 0.742107977127416 0.00510030760247569 -0.67791802095712 -0.451620409916206
-171.765934426975 16.1954685394446 -117.486855065336 -0.324492943037498 -0.936088001590749 -0.135807154438569 -0.127879343441951 -0.0988428690035443 0.986852046037299 0.108826917227489 1.04205567891844 -0.103806675512672 -0.350059980058468 0.206336369489047 0.370773422456984
-172.181253746468 16.1016145758249 -117.053725405463 0.133633014320467 -0.938732462138164 -0.317684721086248 -0.0973815584521638 -0.331446718515123 0.938434816521097 -0.0571555324177481 0.0981913355458996 -0.79704089215286 -0.481804962803092 -0.306931517459321 -0.472565162491721
-172.52805247989 15.8458125821752 -116.867244932979 0.821316526974244 -0.503304602041972 0.268558448167875 -0.347476939592474 -0.0680055911602655 0.935219234202543 0.047443387224841 -0.400402120500308 0.024223826624219 -0.329931010254564 -0.553225461887914 -0.396803664558085
-172.559217169396 15.4113797796725 -116.514451368371 0.842459229208731 0.398510763805591 0.362562571499204 -0.383282365331911 -0.0296156455976934 0.923156293355252 0.196635811326051 0.518837589272122 -0.170740088375896 0.323948722790243 -0.00639899009790436 0.142707396618385
-172.673645321077 15.2646115205085 -115.982051551776 0.478400559508847 0.874800384456492 0.0765322939444271 -0.343024645159652 0.105936190803555 0.933333603965446 -0.0688399087469658 -0.920267640901243 -0.176036171069731 -0.624326792942645 0.0768724421033475 0.190459247251304
-173.754645849049 15.4738028052737 -115.958268547171 0.766477232492158 0.640877305044339 0.042295767521928 -0.252067604120756 0.360730611393486 -0.897961774774686 0.0775647384716746 -0.537269712320936 0.133532422959144 -0.556224944228027 0.34628168786345 0.129697725182138
-172.973446663171 14.4022358595967 -119.544187089309 0.945534510861779 0.323074035873335 0.0398454026694618 0.0564745293477451 -0.042257976491401 -0.997509343794735 -0.137242927606768 -0.0216492324859842 0.182385760413711 0.0343495421276192 0.370455210258336 0.091774470291861
-172.961251764814 14.6740618174631 -119.994775763579 0.987882815014437 -0.151570332557841 0.0333763102732727 0.0369331988380755 0.0207118245267309 -0.999103077339051 -0.232287834803436 0.272257506512818 0.235203218328894 -0.45126450084033 0.255935015042773 0.176589962399463
-172.752447847792 14.988395909956 -120.380169401332 0.703089351245282 -0.710822132209505 0.0199313955011106 0.131942883015265 0.102862802863891 -0.985905836988809 0.448027730030822 -0.114527618530717 0.664593429590534 0.163113161756597 0.118498652854129 0.112417592620643
-172.398103782239 15.1721075636008 -120.73562248 0.216285133351853 -0.975102760844973 -0.0489422811430414 0.246265653312815 0.102994252475438 -0.963714382976325 -0.114845694589359 0.468079360086247 -0.453875687457831 0.518461485840276 -0.304003838397856 0.0456659542513907
-172.00499537999 15.0831697069388 -121.138264096192 -0.564371232462653 -0.825136727072438 -0.0251891564918771 0.0211781537578977 0.0160311959318235 -0.999647181039592 0.391497187909422 -0.369542044967272 -0.384613776333306 0.56634536169486 0.502178094165038 0.0667172918189537
-171.880073842772 14.9042041970027 -121.625227863806 -0.909971662628299 -0.413080086996057 0.0362824329506553 0.0376567934433347 -0.169454357570454 -0.984818352087303 -0.193983531406186 -0.118126548634575 0.509902534342211 -0.346448573991331 -0.336669738862304 0.0853731823572607
-171.880371678261 14.5182151758673 -122.01336210573 -0.985937642283952 0.166973949461978 0.00683123185307505 -0.0734974870206637 -0.396546279494019 -0.91506784864353 0.43562591309418 0.445731792718036 -0.188431197115437 -0.310691220801351 0.234241751777945 0.211923947009223
-172.002845756086 14.1538444139072 -122.379069301256 -0.829640752707065 0.549036577273285 -0.101267261559149 -0.0920742408932962 -0.313456509508753 -0.945128219243565 0.400806575056676 0.522192894230038 0.120297194900905 0.379132859731889 0.0209571389702262 -0.00293376588741957
-172.183059081156 13.9244904500293 -122.780006405909 -0.41747708067109 0.900419828797073 -0.122298892159311 -0.420523272815345 -0.310751669166598 -0.852404585353015 0.152025708002732 -0.101354006868316 -0.189355157525156 0.214635032852799 0.00993675241663666 -0.124746803847125
-172.683785483904 13.7948161007093 -123.044795995053 0.267482391984746 0.912829626244676 -0.308537264245546 -0.44643773661652 -0.16635772361296 -0.879214680905087 -0.160468647874305 0.751987846408515 -0.220494511315896 0.241347648487325 0.249618432855013 0.107260542979896
-173.090558970593 13.8395598928463 -123.38959095683 0.746144395612237 0.562553287827905 -0.35609316091504 -0.366805221302527 -0.0990151733328896 -0.925013472915428 -0.573998732310181 -0.451802749567638 -0.00416281720135677 -0.168935671610262 -0.0200834512805732 0.148979491632098
-173.384571326677 14.0256377128314 -123.742353974474 0.916822691180383 0.0977202291889426 -0.387152308199267 -0.392825588386804 0.0469173850466749 -0.91841538319485 0.250663521062967 0.163261138224336 -0.156745984471419 0.13708545973513 -0.105178395317661 -0.264306154894839
-173.523998378213 14.2931457568709 -124.236348649885 0.898136986270619 -0.325639189026964 -0.295481086471862 -0.328717363832267 -0.0509098808809633 -0.943055183297272 -0.280324528320831 0.231625278452182 -0.687759675985923 -0.0758917498040444 0.489146865538321 0.319922973736622
-173.365578338245 14.4981498040211 -124.69322755008 0.474018192530309 -0.870956865832944 -0.1293865951664 -0.265634148722602 -0.00135173317452968 -0.964072959816757 0.0778260779151539 0.284980098877015 -0.487165397839593 0.304255595580327 0.221140036598332 0.0407751901598874
-173.212742181949 14.5384147069308 -125.176977777288 0.0257089450910599 -0.997722258590595 0.0623646122026363 -0.27248635969179 -0.0670169642217672 -0.959822853597691 0.0631477964887431 0.256776306073289 0.360529677191925 0.0761556874749391 -0.32676677305936 0.0878731154286169
-173.020055658046 14.4701175285334 -125.6488434638 -0.562181223798664 -0.779940959745057 0.275035217599851 -0.180234219230453 -0.209025918677092 -0.961157526911998 -0.748322196584051 -0.207049342486551 -0.00762980270580469 0.237591607668757 0.169420628642162 -0.307408548516506
-172.961365089634 14.1167685703887 -126.038030506734 -0.915029363694118 -0.243582733329701 0.321541156932002 -0.27862676536322 -0.1947591462583 -0.940444576023471 0.017296893020935 -0.643926703841513 0.378370527270851 0.168989669263411 -0.243556666905154 -0.47700595774684
-173.122895199271 13.7439654225905 -126.39188180033 -0.902055701393688 0.185647295117433 0.389654453841762 -0.431248843743066 -0.350244490731867 -0.831476536940306 0.0490218841384062 0.16593376220501 0.0967152758919973 0.433837593457771 0.441291207031073 -0.0487413790691851
-173.381480723613 13.3510654018458 -126.559019480592 -0.709742445606823 0.704035427316041 0.0244903652068677 -0.406734809760978 -0.381151555578339 -0.830235078883634 -0.179568117153194 0.195601169956504 0.158422241053972 0.368783355134666 -0.448729917058505 -0.0870312937216983
-173.822602189435 13.2038727862898 -126.877030709651 -0.0716259726896639 0.982307156459115 -0.173038638475529 -0.393423557655585 -0.18724218040137 -0.900087923572004 -0.264605025405047 0.334501802471413 0.303924797307114 0.0596724870677902 -0.768251743891263 -0.340633429247798
-174.256205526978 13.142096202561 -127.153414709541 0.464737566036088 0.788513971663973 -0.402820941865691 -0.37750511162314 -0.2350694121305 -0.895674194212953 0.407836147873205 -0.333921740193312 -0.220629831064665 0.193628389844812 -0.479347341377151 -0.152363851819338
-166.522939658862 48.5933682156631 -111.249822396284 0.107573445698191 0.993227832629998 0.043891072779523 0.650768833573249 -0.0369699050663647 -0.758375336735774 0.197681167001463 -0.426094561505641 -0.202025651874413 -0.114002977441705 0.649664838922628 -0.522265911625838
-165.299715984529 48.8016636318214 -111.421912026395 0.562635474183016 -0.297417155844349 -0.771352292146921 -0.672661838098226 0.377710829823201 -0.636286555413977 0.198720918465009 0.445957422301036 0.037688967042063 0.270758823746897 0.160555806862908 0.10672048066997
-165.295931917003 49.3585999640147 -111.262634978437 0.463133413751257 0.758174179568958 -0.458998207515066 0.882530583299143 -0.442147815267775 0.16014080990056 -0.144295990320317 -0.576992997397264 0.132144939366537 -0.177946034032333 -0.0834018647031083 0.14881398172239
-164.690392247775 49.7244207713778 -110.081980897397 -0.0796874079625376 0.841474152805915 0.534388591917698 -0.703070104404439 -0.427480032599128 0.568289758857028 -0.0445152386612361 0.749048803722216 -0.487695418631929 0.131411450597643 0.418194481081368 0.461422015869621
-164.780897821972 49.4355048076201 -109.692901552143 -0.55008362472751 0.773352622719005 -0.315172534876185 -0.827326928956219 -0.45325315469507 0.331800738972712 -0.0973230610196616 -0.220895380230135 -0.0943179882904838 0.10369145404993 -0.0879058407519327 -0.129010157583776
-165.039662370976 49.3587770199715 -109.285583657914 -0.646125509556899 0.301926164686739 -0.700972479472193 -0.763178332048706 -0.244775432168812 0.598033294472747 0.181157859755043 0.14995707592857 0.512813360822871 0.368128697756395 0.149511625880058 -0.470176094095407
-165.324579447185 49.4352554978474 -108.961239774675 -0.452416520631534 -0.432202021440568 -0.780077370856471 -0.74637008250658 -0.295254421803731 0.596453289323201 -0.215629933547017 0.772628236231677 0.640096189824985 -0.602993806158154 0.963440766359374 0.622516367941191
-165.783041913646 49.4323575532447 -108.806840145642 0.185318621660826 -0.874690639336281 -0.447854098924213 -0.734615519337693 -0.426016690873128 0.528062323827141 -0.260438853984368 -0.181669897516138 0.304182444450277 0.231908986166953 0.0288918226132736 -0.0130251936820687
-165.24981293869 48.6442329587815 -107.688822506438 0.0575994898839358 -0.384857430456647 0.921176995472324 -0.642268315345942 -0.720695754927415 -0.260938766633647 -0.26185911338327 -0.333211551105918 -0.274644123276069 -0.255799731343601 0.169157193451542 -0.259670494464431
-165.402198904449 48.1871802545022 -107.76985474507 -0.510193620315947 0.0802693669537062 0.85630561046729 -0.471685047018134 -0.85865909899747 -0.200543681347365 0.326769470412809 -0.361008271590385 -0.501810948629058 -0.213456064903255 0.124815530975092 -0.264025051587115
-165.489164505819 47.7485825697065 -107.69040273107 -0.891147034112506 0.441711500101508 0.103672147998195 -0.453086739481054 -0.854353970927671 -0.254542135738949 -0.0205877533454263 0.28879807869816 -0.12361435024709 0.300346100806624 -0.562597765802149 0.0305126485918484
-165.167018013685 47.1513351544857 -107.49794400701 0.26048350410743 -0.929150483399149 0.2623503826699 -0.948082755650575 -0.194816105361214 0.251367805277246 -0.230737356726799 -0.254730921200729 0.13757421506405 -0.0180552135867244 0.087011960565635 -0.207133650625477
-165.123606891464 47.4765533941007 -106.436093730902 0.442776614598903 0.133786263969086 0.886594667893694 0.871074580286698 -0.298584708016215 -0.389969547166475 -0.551864483310064 -0.168509620988843 0.556894243140811 -0.662267918967207 0.409548006359953 0.347351479858963
-164.787410926752 46.483303979821 -105.882439016059 0.336007746971779 -0.920063389074435 0.201450127971694 0.796395832315164 0.391729293050768 0.460762237208066 -0.167440539504295 0.278829365817076 -0.198654386451035 -0.187510802286997 0.0380820641785828 0.314310891194942
-164.142628842699 46.3447534715412 -106.15025086461 0.613756796896524 -0.119156118443587 0.78045141661783 0.716679132796236 -0.330576744629042 -0.614076572199998 -0.299772291420993 0.40869186061163 -0.0374790050862157 -0.388763384712309 -0.166359466975228 0.448185242448402
-163.748361599389 46.4905089530331 -106.350828267418 0.328891748922565 -0.813380244321486 0.479836217514035 0.704442671362414 -0.127097618738251 -0.69828842040725 0.0515087327743375 -0.488844662185443 0.297358343133719 -0.42332879597259 0.303436435132506 0.0410527586932852
-163.246794201228 46.4346794091057 -106.468708808522 -0.478807090627211 -0.846983549123203 -0.231003544301309 0.594231631625809 -0.118977087428774 -0.795445297077237 0.490031313815307 -0.413305218396844 0.310098401393906 0.0717931355648685 0.18482269518064 0.113141872262039
-162.85997085285 46.133474882785 -106.598199049808 -0.764530288629761 -0.216509226318494 -0.6071385284156 0.643809413475583 -0.210211242501281 -0.735744977995972 -0.20406385201404 0.611086437612166 0.387912831007374 0.00287752928560887 0.0892312565416758 0.197994996265944
-162.650738476418 45.7591851283497 -106.874622206876 -0.688276309246227 0.46198611951169 -0.559325082138216 0.566411618145394 -0.139510516910264 -0.812228228087 0.0531591812438591 -0.101474794841306 -0.0303604904662078 -0.466250270483825 0.0181881628640966 0.453705396435915
-162.657476541553 45.4296342081487 -107.284007516865 -0.601133105985234 0.750432267853659 -0.274755164196343 0.198784337137943 -0.192589929771589 -0.960933871949159 -0.411723058512176 0.00470487430275495 -0.444100518178616 -0.0453904553585675 0.100662280052271 -0.0954298148602719
-162.921389326224 45.2353367212213 -107.680865049022 0.383823585279091 0.86203266111536 -0.331027410577849 0.180946917674488 -0.421748528332077 -0.888474193116396 0.186348945940448 0.12303528760745 -0.0104967973751052 -0.407988130288118 -0.312838297922762 -0.146659004994654
-163.01702760157 45.1064444711685 -108.187290101024 0.946440602500448 0.322830305433481 -0.00554795749036728 0.197247053342669 -0.591701582731718 -0.781653911229525 0.640979855152524 -0.133391862072406 -0.129351138721163 -0.103405982602222 0.320459697103339 -0.354090219125294
-162.823174706306 45.045097159557 -108.661063659155 0.702273943602302 -0.394975498494686 0.592288497040205 0.139252745395719 -0.739689356383677 -0.658383117153269 -1.21925755530229 -0.381985926852247 -0.539217690243174 -0.343485726228563 0.249859771341139 0.584417011332102
-162.553443424938 44.7891708222897 -109.012792413979 -0.206136442478748 -0.657226572162057 0.72495586067451 0.0278023731185059 -0.744501948056801 -0.667041136204214 -0.000273913601009812 0.601272681340568 -0.0584338788572568 0.288913701752161 -0.522471179885226 -0.558196416674305
-162.213888610813 44.3993818562625 -108.982336203004 -0.90674677850452 -0.419761555734959 -0.0401312347011989 0.31330719475691 -0.606963171684456 -0.730365874019523 0.37450515890192 -0.230693212906161 0.858148467988197 -0.196976107035358 0.253335779960454 0.148853185105069
-162.210292909696 43.9267293359822 -109.09320242012 -0.796776837469412 0.139106296913266 -0.588044309071452 0.379400546210759 -0.642257329425026 -0.666003564806384 0.0983435577176962 0.13133815290187 -0.245112183911427 -0.0981399818163918 -0.260790521906037 -0.166481021806002
-162.409385858537 43.476788080676 -109.384566054684 -0.0801805835223009 0.640447908232527 -0.763804654912893 0.416768469224546 -0.674536727919454 -0.609347393321695 0.0788603255656216 -0.593844540907219 -0.171513029739278 0.560222292124843 -0.394667301152918 0.342114658130034
