t = 1
b = 30 30 30
E = -0.871161752682439 -1.14912253427887 0.277960781596428
-170.889598240665 25.0048719860446 -119.178650489125 -0.00634599962924857 -0.911393489754028 -0.411487102012541 0.666118294769268 -0.310760089478617 0.678022554315801 0.44895157316773 -0.0215692170075203 0.0293073699380005 -0.0695059043144344 0.119557752873883 -0.000252362820353179
-170.943532058418 24.7288846470245 -118.740078419641 0.358399477136898 -0.746068126458675 -0.561188172960229 0.549600313017449 -0.317296922437998 0.772827379783155 0.0150559623212889 -0.190182634628076 0.258067297133187 -0.0464609277206277 -0.0242717722931547 0.169958444865464
-170.908320624493 24.3557539674193 -118.417016330633 0.688766407226724 -0.32956086159193 -0.645747996344376 0.513393265414096 -0.407180796026548 0.755401320077373 -0.13126057576898 -0.0127106604229684 0.192460760181434 0.0320130475159228 0.494644303477698 0.0246302786590766
-170.810755473607 23.9124196731701 -118.189138183229 0.827227107604832 0.345138657077409 -0.44336736442204 0.557729924472392 -0.408809484667834 0.722365652971983 0.0372444575235527 0.167767915963124 0.0534897873272023 -0.264959726498138 0.145874714782707 -0.00615350808542844
-170.430206549368 23.4965086008572 -118.009613347572 0.639133103872801 0.750250328775308 -0.169213828354723 0.696440473295016 -0.471224609029756 0.541219026828666 -0.639166268554622 0.107103686889326 -0.0679050699137957 -0.312447727294699 0.393926561151609 -0.276684661442697
-169.901869218569 23.1566241745542 -118.026954963141 0.246283505253386 0.969196594564062 0.00154794235377028 0.896749547773441 -0.228479223093285 0.37899537356387 -0.821000278116639 0.27382464182232 0.201199865039979 0.573909440286913 -0.118914178487046 -0.778160485768462
-169.332876427884 23.0825996031316 -118.046905088275 -0.250101751168693 0.771494788739294 0.585017012582083 0.83528693975281 -0.133634766475912 0.533326801752279 0.551581193327925 -0.0429875079559509 -0.114874875392777 0.223095418969014 -0.207724331343543 -0.0406468305563837
-168.830816386818 23.2244422659988 -117.878770748366 -0.581990395439365 0.32679212224532 0.744643598276875 0.753029830733249 -0.129093439658608 0.645198386438593 0.0703147490845628 0.271641687459252 0.317736630035128 0.416215549625376 -0.711266399735541 -0.250969769066095
-168.517401750899 23.3871198791753 -117.585373825123 -0.742661414201795 -0.0994135759756794 0.662246906197015 0.667853373208326 -0.0372170428861834 0.743361798596799 0.00261267632240662 0.175229775219261 -0.0664684216523271 -0.0832829723257281 -0.277657080828862 -0.29622766814828
-168.290025883819 23.7216702642766 -117.206187495639 -0.633228877371449 -0.644442840091436 0.428619428768432 0.542750224183186 0.0250597292483634 0.839520222579003 -0.538184675251005 0.474052204006404 0.251902777671416 0.408134534288238 0.285229932606932 0.22134071058589
-168.285181190551 23.8393756126684 -116.686979147459 -0.322936798932118 -0.944001359934306 0.0676258555410521 0.414852120590741 -0.0769697591983509 0.906627472675693 -0.349923117115306 -0.0479102646311948 0.0166755094229781 -0.408682393035928 0.281758405146375 0.0482279741641814
-168.377349336949 23.7839663834078 -116.186509227996 0.39559904573874 -0.875593056945241 -0.27719703035907 0.483647443151727 -0.0579688315754481 0.873341150581246 -0.41428613798343 -0.296698685735885 -0.458202707964718 0.0696735803895423 -0.250336551926147 -0.181491618931468
-168.239987782959 23.6207537867312 -115.686542177327 0.428125099131536 -0.729655364143016 -0.533209104452405 0.541405743592872 -0.265334077056711 0.797795492815742 0.420542120676616 0.297114908614678 -0.115144258049736 -0.453195137104263 0.264157258214282 -0.751230890073908
-168.133763990629 23.2017395677834 -115.405863721334 0.789077673506682 -0.027718993582322 -0.613667729775704 0.593170307241926 -0.225333899070924 0.772899489284353 -0.0452909046957742 0.0855308409596097 -0.163557630775661 0.247015652765279 0.0563120719065667 0.611263020426649
-167.900701801022 22.7592853781627 -115.164318246909 0.709079313328177 0.568799118622433 -0.416742234557987 0.584959323031955 -0.144489172454246 0.798088635078514 0.14497738480535 0.0946774713281612 -0.00624549940239474 -0.105620693191826 -0.483317704114525 -0.644781128964249
-167.439953543916 22.5403604372906 -114.933559135345 0.251640440712119 0.946396043264828 -0.202513253617856 0.638771222524903 -0.00521051445480693 0.769379084595597 0.2443627392319 -0.25088358322295 0.580708533972369 0.222983598060853 0.0437617418301882 0.147311945226713
-166.913370485736 22.5417108485945 -114.766069840326 -0.234503612254976 0.968398680990779 -0.0849237922768935 0.724160802657754 0.232302774817311 0.64932776985607 -0.19772387348629 0.297413287347779 0.190761376438803 -0.0988765036009115 -0.249764802025526 -0.281382381877018
-166.436611001003 22.7520402962532 -114.719741700985 -0.625285950453602 0.673629960575166 0.394005274559666 0.631799776696689 0.14060569952552 0.762272313170926 0.192976612322374 -0.171217574483341 0.21730309712763 0.337913837699626 -0.0710342821045216 -0.531112538793559
-166.146696496279 23.0792408724613 -114.561654147642 -0.744522127971248 0.0676440756896709 0.66416193807328 0.663258222038365 0.188196592806598 0.724341475655298 -0.346059613971166 0.274920862783981 -0.134234876978146 -0.0543350812434128 0.466181640587068 0.542981914074053
-165.910130383239 23.4450568026216 -114.246500266875 -0.653314445684132 -0.410878447451456 0.635892393790268 0.550646561415763 0.318553471998638 0.771564676406722 0.280967102542347 0.119145970001707 -0.0515751535729304 0.536479236605407 -0.277012164762951 0.626558035483829
-165.824298168538 23.8078396661967 -113.843969475819 -0.247572623187043 -0.905083629884626 0.345733161792666 0.541569430189618 0.166613684784703 0.823979631014357 0.40683749904683 -0.209012886782145 0.0281353746864318 0.183277916043205 -0.543783367166228 0.0117081618595604
-165.991419637521 24.4166591269897 -114.732273122164 0.813572736969902 0.575059023335675 0.0860611488392006 0.515228329040164 -0.644354518881134 -0.565107974595956 0.115697329769289 0.929218839697807 0.0137420000082507 -0.111485166415021 0.238923969087724 0.442699688349413
-165.789297383312 24.4664417337033 -115.148288280036 0.810324034620912 -0.262425986111564 0.523934691282283 0.320133145526762 -0.550632820167106 -0.770920402175193 -0.154528529332647 -0.334860097245279 -0.181179761735666 -0.278737465842401 -0.186581884312964 -0.222405730976226
-165.475792983154 24.3315478261203 -115.624335277159 0.43902889204279 -0.493934704971925 0.750521244986427 0.338679319777562 -0.682731544351195 -0.647436449933767 0.331307730350476 0.149182798685771 0.122039646536042 -0.486248095484979 0.108590032949277 -0.286740584435168
-165.000351434146 24.0750579921668 -115.804638739407 -0.200806441470301 -0.673269447288997 0.711607352696137 0.451585791878036 -0.708238112732163 -0.542650023723828 -0.085023463401654 -0.212832795341958 -0.0485358909572842 0.439317781836019 -0.143589610817445 -0.268576859857455
-164.713830298009 23.691934564333 -115.976672766626 -0.214423012788828 -0.442800021847552 0.870603763050889 0.680961344785041 -0.706768280023436 -0.191755691600699 -0.454902724655677 -0.32167849253103 0.0304417045870027 -0.386635130137866 -0.219816285214633 0.192726056872623
-164.377737593246 23.4262657731659 -115.813750790753 -0.683995234359078 -0.728844907398463 0.0305879115566317 0.728501188911464 -0.684649223279446 -0.0232692676600535 -0.0885742819797323 0.0299714295708453 -0.25867773003904 -0.12834396490487 -0.422002017731431 -0.242288406406557
-164.10718110398 22.9689289700502 -115.621025882054 -0.692208149265422 -0.437746122974867 -0.573782371558251 0.557846644217627 -0.828952116431306 -0.0405648887486465 0.0379208031860269 0.0238970292801753 0.0190282480817617 0.211249786573561 0.0205850252845447 -0.378197806432719
-163.860531726004 22.486119989012 -115.48196618568 -0.525989303365125 -0.0217517814574161 -0.850212980816513 0.265063755476038 -0.954075588516899 -0.13957427029748 0.297532445242012 0.420467495995608 0.132905844691756 0.206314084448181 -0.252034200202392 0.191778491866856
-163.999168269961 22.0100033403181 -115.600185474222 0.474437632879552 0.234961903045847 -0.848352424776826 0.43383128481836 -0.900967583119575 -0.00691595839502475 0.064750940206143 0.160928934148452 0.0539540676655849 0.282128245629314 0.341249765807885 -0.0413193848723196
-166.624757435367 22.9933514602325 -113.505961602863 0.529525892988824 0.525591980745674 -0.665849381189339 -0.699608029633079 -0.173323233540424 -0.693186599400199 -0.0130840340658232 0.166540775711815 0.210613943767536 0.449514712680324 -0.328460977427663 -0.230361087254457
-167.014554744194 23.2428296637792 -113.822392988824 0.774410976294564 -0.103284202912088 -0.624195492793176 -0.62489298959141 0.0294766026842676 -0.780153755008398 -0.518044818185541 -0.136588544874746 -0.388911951587384 0.34023769114839 0.668180115841974 -0.0911873283108643
-167.111686769554 23.6006402263415 -114.232552401998 0.536505255801762 -0.726937160943649 -0.428630930447481 -0.539755124955249 0.0948523603976923 -0.836461257208921 0.155948748053596 -0.427296222925962 -0.0331863454454797 0.456263879834834 -0.25795725205937 0.569178923612486
-167.270209048326 23.6625390460696 -114.698781790605 0.352792178951924 -0.927856718852795 -0.120911487254435 -0.306916574611182 0.00732299770635346 -0.951708248326939 0.0258587402387079 -0.114005445833144 -0.122949215564189 0.140887412594969 -0.356243694622515 0.319431885840534
-167.113546085449 23.6778378754715 -115.206129141343 -0.337173459989183 -0.916354977540697 0.21588796403531 -0.426398103856189 -0.0558039726133602 -0.902812590557096 -0.645267336612401 -0.29982882704168 -0.200736339848239 0.0835890075348227 0.508583337361536 0.192103518546106
-167.117225386725 23.4693226339275 -115.683096150706 -0.710238373499904 -0.56511247075865 0.419772972213868 -0.501522610662783 -0.0122581524203472 -0.865057690962415 -0.165711059518606 -0.192951541133307 0.104017004597071 0.486684287849918 0.213298833464587 0.357325916507114
-167.232507699921 23.2088916445004 -116.159827576013 -0.766138501420602 -0.177934924449167 0.617552393973388 -0.619227451064302 -0.0528130230759723 -0.78343356351511 0.435968438523963 0.372841824637763 0.0290915325636504 -0.0447128076366384 -0.287997526783853 -0.251037700099928
-167.555448118599 22.9032727453184 -116.352208509235 -0.666637915637854 0.491804358618729 0.560109241378534 -0.701816588748644 -0.161008320422782 -0.693923480300134 -0.0832375540812399 0.499986108473345 0.00175820531744377 0.375761735991991 -0.0412736312283781 0.154919273741664
-168.075513496054 22.6854907944178 -116.443495679679 -0.220431871297329 0.956196477103237 0.192608637635277 -0.686224304563419 -0.0116944790383125 -0.727295980317831 -0.141767531304031 -0.376967672604907 -0.318480541729911 0.139432389602091 -0.367102969249205 -0.224225184128269
-168.536211863906 22.7188515871788 -116.587454458091 0.299745823233996 0.928035027034171 -0.221141199353399 -0.786497715421744 0.109182617470017 -0.607865527628253 -0.2418197226265 -0.0969479029386689 -0.112191747854452 0.318358374093869 -0.0677746984079904 -0.15505805975793
-169.040861567071 22.8428015344957 -116.703939945589 0.535306760869638 0.75236359523137 -0.383921466367513 -0.785087153309421 0.275516373048614 -0.554733169993148 0.130798099331216 0.540312885503948 0.151848985897489 -0.166420225089586 0.207590607905872 -0.253962106336897
-169.36556634712 23.2708770895146 -116.784457182673 0.70986539556058 0.203602684943408 -0.6742678005581 -0.66411295189291 0.512363985819438 -0.544460405505584 -0.426927633492573 0.444602176637303 0.634235138398915 0.351915679194936 0.381085641642198 0.0671009529145882
-169.519637533009 23.7127878649271 -116.967555354468 0.474211113368811 -0.438091598170342 -0.763675043176132 -0.651469097441296 0.408856110281062 -0.639081134258291 -0.12999708972357 0.0228119470698645 -0.206563065161529 0.23818357063221 0.426801049929267 -0.158283883278127
-169.613750684494 24.0404885272744 -117.360296380502 0.259914189614211 -0.762610258891972 -0.592342980940863 -0.379418666048151 0.483434026039266 -0.788880864466687 -0.380181460267468 0.156081304178385 -0.241558253510433 0.24875976332922 -0.138767049299599 0.133820903048749
-169.486387875435 24.2213698661109 -117.824916915102 -0.557372177115471 -0.815293160129553 -0.156950053276596 -0.565372668367082 0.511138951044904 -0.647372163896627 -0.0761366997745372 0.450651825299406 -0.141036680869495 -0.120260661879298 -0.18598374659473 -0.482216850922218
-169.720799585389 24.4459141039777 -118.263304876869 -0.518925642514836 -0.830183423551542 0.203744106174402 -0.526301832176891 0.122472725391191 -0.841431407176189 0.00329114316934301 -0.140301360431994 -0.30153879473627 0.00457874229657443 -0.227466133329788 0.189872265310523
-169.80165767384 24.2516847089104 -118.765213429176 -0.821700281762331 -0.359339467264724 0.442361610243938 -0.492031250435055 0.0555971650792817 -0.868800439589243 0.126196776849059 0.192930803090613 0.104322730180494 0.0562330046328712 0.3754681034478 -0.221624764286971
-170.059181634101 24.0012779538491 -119.173718317639 -0.740494135567097 0.292642150134155 0.605003311689776 -0.560548233896472 0.227673884021976 -0.796209947193511 -0.000501428008872127 0.017698125813998 -0.344765995200232 -0.51566523625283 0.0597839957623083 -0.330448363855346
-170.480477167618 23.8999437108965 -119.519959116494 -0.384431008267297 0.627240396336014 0.677334692073889 -0.825374603860072 0.0950987627039879 -0.556518632783306 0.260774103878889 -0.139427430826158 -0.196875858013888 0.168782005816041 -0.169309758532224 -0.24396314581617
-170.967511649117 23.8838346713077 -119.513357042384 0.0804829925138149 0.991128730838491 0.105765433022804 -0.845759286587573 0.124055953496103 -0.518942530106227 -0.602016573125179 0.0084240908383948 -0.178580486632599 0.0582288195032509 0.473097021820472 0.495732831139892
-170.897351608912 22.7057518384032 -120.025623735018 0.275491997107211 -0.0240813611863479 0.96100168968285 -0.914513745291889 0.301521526690222 0.26972092728337 -0.0832712935340834 0.244445905118244 0.155462872146319 0.288792952606802 0.215078575905003 -0.269268602957151
-131.583630556071 33.0004779610772 -93.4402092514188 -0.196273233104555 -0.354817510260776 -0.914101390644949 0.38212916062837 -0.886207866672547 0.261940683447893 -0.223440347268686 0.269254100072103 -0.265955695985829 0.242706145244361 -0.422285816041778 -0.621375371654588
-131.683471084772 32.5770051738118 -93.2421006844254 0.491832052194726 -0.190412420332797 -0.849614231646887 0.337220384371173 -0.857977980253178 0.387499932600296 -0.0337256661057183 0.0296172841876513 0.110082496298793 0.199801460205404 -0.903299847463099 -0.174289282709886
-131.493316574535 33.3324916687214 -92.4727866320647 -0.719226639363078 0.684563975851636 -0.118681102946903 0.514309999557833 0.639431460075682 0.571500334400867 0.458675987227449 0.0246967310325826 0.252551674558865 0.128990473344947 -0.0545450048502557 -0.20575580086063
-131.358217027575 33.7880155928418 -92.4600032282257 -0.724545088787979 0.0191836832981129 0.688960376660616 0.579440081594049 0.558230840584343 0.593824486243857 0.184408545128353 0.0556638746430924 -0.255936021166185 0.0662273787921945 0.124911679249676 -0.527578003973885
-131.368420640293 34.2036277249559 -92.284218854695 0.00307863477675589 -0.631623570179499 0.775269106569851 0.656976503250543 0.585762142183408 0.474620466226851 -0.0107022798183913 0.000362948269327057 0.0106658209910885 -0.0707442548922414 0.873326046570124 -0.0994490325285678
-131.351928979047 34.5215379175901 -91.9346777709382 0.543845735125734 -0.725943277353346 0.420996644227758 0.544789839558797 0.687002147129499 0.480865969426989 -0.120203617455169 -0.154132114320985 0.328715464851774 -0.474834454695578 -0.303270873945402 0.14923869514181
-131.182206997337 34.720998942432 -91.3970313233444 0.716120448678612 -0.625827379088934 -0.309049501806783 0.697037380387954 0.618267495565205 0.363158635129926 -0.268192781353979 0.611527993067475 -0.230220013821246 0.287447472950453 0.477722508794764 -0.0133714505963407
-131.22642905833 35.4335015106617 -90.99798117559 0.792602713260902 -0.597743318159959 -0.120348928231947 0.608550052340878 0.787812844041396 0.094961868975508 -0.0357624573798921 0.00855938506491161 0.248140472021505 0.33146032079399 0.556263623190745 -0.295072006707727
-130.842737608971 35.6418726342619 -90.7164468354179 0.272499140525177 -0.358786780245439 -0.892757674139042 0.715542372374552 0.695878397340207 -0.0612565870076408 -0.229568461308019 0.14392133409027 0.173713117980758 0.0611590108916735 -0.0874091132634205 -0.135995630918505
-130.393841318974 35.6439553861559 -90.6339962487874 -0.144550406669965 0.466659376361048 -0.872544673002973 0.709263276176596 0.663737301015925 0.237483473756251 0.00553808121671163 -0.114353261720303 -0.0148005174830447 0.135264791504223 -0.371686325899064 0.093498172731687
-129.958476247521 35.8963611297684 -90.7610880415413 -0.731886217144128 0.603016327103303 -0.317354493274163 0.591527458636571 0.793425244227388 0.143428196327184 0.0346421382775882 -0.145039662116547 0.711875808304897 -0.540909468376166 -0.544126681262459 0.682903070651902
-129.837266656312 36.3344342353499 -91.012355870095 -0.707994504003722 0.321198483940371 0.628947784967027 0.553292715350151 0.805727818884626 0.211352437922726 0.101411006625547 0.3844459289234 -0.0192336036430056 0.439476120592566 0.380345705128084 0.319880686972534
-129.699318529324 36.8877374495316 -90.897363941565 -0.214891106054705 -0.480807858936216 0.850085651757374 0.546849996471718 0.661940685959618 0.512630090445532 0.555108661242897 0.114932735428541 0.13765896902353 0.166083972064532 0.00536141457400346 -0.0642709096769087
-128.834714147387 37.1685306636949 -91.9407341574004 0.351942215120656 0.841328019786651 -0.41024851046389 0.539447096875142 -0.540492428408396 -0.645650652060522 0.138109472785429 -0.195846895118843 0.104109739068007 0.0383378992596551 0.5546741791375 0.0798379694402186
-128.767755136931 37.0063007679289 -92.3885050970378 0.736375468217817 0.672592644446006 0.0732823610708669 0.570120452068256 -0.558541382472312 -0.60248999510316 0.219979253231726 -0.319428451819907 0.166987677390824 -0.209220963102954 -0.208049857620769 -0.335562037898847
-129.859833209051 36.6701770580053 -91.8735926258457 0.000284632907107775 -0.553294887209552 0.832985406097776 -0.352474641140346 0.779470057127253 0.51786876464508 -0.17786931753485 0.183431428378069 -0.381412400332047 -0.496099644254634 -0.352586455522924 0.29148773064843
-130.277063548944 36.884130273818 -91.6091588157784 0.41629216776075 -0.529315977058904 0.739273580950404 -0.511517111790828 0.535862790278665 0.671715203296705 0.479572675173895 -0.189805804299729 -0.0750059477101098 0.148304988409594 0.0297903013465922 0.134315614064279
-130.615786725718 36.8457068409 -91.2599653691746 0.766771765652074 0.00169325349998983 0.641917589953247 -0.584637406337813 0.414768144795469 0.697256401314121 0.277984707691288 0.192637170443627 0.0431718260122592 -0.349020096986303 0.308761243907256 -0.844905693722531
-131.586816447295 37.5799496917283 -91.3363369573744 0.151768868801621 0.754037605245465 -0.639056727011273 -0.368926436656433 -0.556605744331639 -0.744367738226886 -0.174201214658563 0.427505389825985 -0.170860332125881 -0.12693881969501 -0.184864508860745 -0.187282613015998
-131.915546622218 37.5274283063252 -91.746825791512 0.826734343948118 0.311088842927804 -0.468757993363863 -0.195741786950506 -0.622097975102338 -0.758076026672123 0.210949552038619 -0.281443200341748 -0.347166134099817 0.0828382818289966 -0.470789139365248 0.267263329508682
-132.091047353837 37.5734023405749 -92.1552635155456 0.781242742718498 -0.600572518474198 -0.170212887300695 -0.495001953902423 -0.429909367671879 -0.755083439906312 0.161169421199822 0.313644320052242 -0.0385593523657292 0.59642360068969 0.345380198584845 -0.53507511528128
-132.028267143242 37.5666215228159 -92.583243310954 -0.0944693363848924 -0.994325963396315 0.0489021778552575 -0.399485979001655 -0.00713047565536219 -0.91671157345046 -0.379682312504693 -0.0690514544493996 -0.259582963359837 -0.538700904249729 0.127895719833418 -0.376975225391862
-131.89388093216 37.4791458029878 -93.0526393433303 -0.656948803425995 -0.704631576533794 0.268165268125188 -0.456466790027797 0.0886492669605041 -0.885313151980182 0.255109916672874 0.403581820767919 -0.263049523502282 0.167254815111032 -0.256537145225356 0.583690296020419
-132.142765681532 37.2523953090348 -93.5164755024985 -0.673721329579838 -0.181012233810305 0.716473405842938 -0.694356810486159 -0.176766138425029 -0.697583222302393 -0.120521116527089 0.342525611699419 -0.00243498281994162 0.0310437863834462 0.3305202349187 -0.913582088740699
-132.520237315466 36.8861638922618 -93.6005311324335 -0.703733631921811 0.639031021939151 0.310480801824431 -0.668758605809154 -0.448296398016563 -0.593120785912593 0.0379044479442114 -0.371990449731228 0.171042971163745 -0.187908743740841 0.160553385563695 -0.232410749230299
-132.917343030597 36.5975992751359 -93.8106691885273 -0.363565950070992 0.92805942304969 -0.0807806117682511 -0.77070664799938 -0.348363027040694 -0.533530190449054 -0.0787116272440975 0.654061866818545 0.308961431956443 -0.555838708255766 -0.421303731985094 -0.0896171474441793
-133.435572246468 36.3826156129684 -94.0054750601696 0.169097551063333 0.897827100533063 -0.40658641857885 -0.486140181653695 -0.282875278599641 -0.826830877833482 0.0341177518037962 -0.070687944613421 0.141835140042402 -0.102157586464102 0.241724817703192 -0.274172953733931
