t = 1
b = 30 30 30
E = -0.796293869352017 -1.10994621305051 0.313652343698492
-170.504992529814 18.2703066696169 -120.21096955363 0.0632745131170495 -0.884795836902964 0.461662932223265 0.454496168448144 0.437382932738632 0.775969975588559 -0.530186561316644 -0.177502950106868 0.213647041873063 -0.0983699529866665 0.434626656658683 -0.15273808610113
-170.496684969592 18.4241311812394 -119.687218861531 0.516461445078662 -0.856070977003279 0.0202498908617053 0.515082771278692 0.329463309421139 0.791292402640853 0.59099165519829 0.413510652687897 -0.00867786903910803 -0.106253746140119 -0.498241847626311 -0.386101215458022
-170.382980538328 18.3688650432213 -119.182226990553 0.783435937852608 -0.50765819617789 -0.358484709763772 0.557826250994935 0.320132873862306 0.765731556600352 -0.333359017117087 0.180225637029353 -0.0473376604423536 0.308104742988406 0.0179652827313937 0.0491761918349573
-170.16309964883 18.2648015579398 -118.695500181962 0.708635393473731 0.00515105376905836 -0.705556054301427 0.689340235158098 0.208220813098088 0.693868959663817 -0.155260001582386 0.147672620644993 -0.0689407893522196 0.307116952227865 -0.484724386257623 0.224545953790008
-169.691366030434 18.0967516329347 -118.412853216396 0.306545579389303 0.674778476021423 -0.671344781803719 0.687933650141066 0.330397726754832 0.646207888499382 0.569748849382309 -0.059454351214422 0.456988564747493 0.0861483435985945 0.148325459708713 -0.0172524857653661
-169.155211722385 18.1592902667963 -118.34260857541 -0.29281984279741 0.930329211116415 -0.220780657231584 0.676197899153493 0.364736590265648 0.640096571543539 -0.0179034115155919 0.0826095165771157 -0.0514659315635321 -0.540131671132765 -0.0461763756447999 -0.169518399311359
-168.728553483956 18.4894635024882 -118.085102268679 -0.467882431065336 0.758467224094031 -0.453666728640625 0.544070869317143 0.651711046974615 0.528450187256794 -0.70122288783452 0.150087409457064 0.0918276366291594 0.269905050080763 -0.494626939694046 0.475227293361203
-168.419707209645 18.8530932819606 -118.094033298461 -0.799769048445257 0.600050070343703 0.0175892646090098 0.566397683085655 0.744559448114218 0.353305664855593 -0.499424626453873 -0.55325327331336 -0.617153387427483 0.0421901709632646 -0.271070283638541 -0.272126138435853
-168.173333624722 19.2864625468928 -118.128665074116 -0.827747530085912 0.223446511615791 0.514689890014759 0.479057872195695 0.759001607993647 0.440930963020732 0.0156913305109484 -0.0567182046850778 0.217905366380173 0.266424607043305 0.0448365491314937 0.131705259672474
-168.080803123293 19.8268123779748 -118.045031648258 -0.602894746603525 -0.171722528610376 0.779120849217585 0.300050312448733 0.856062625338861 0.420864100984338 0.352139039102804 -0.159601569134841 0.172243512768655 -0.521224926051833 -0.107898110683974 0.227984032962492
-168.188407927124 20.3083324191037 -117.858929115624 -0.17389961856419 -0.569255500676114 0.803559019371456 0.261684850137113 0.759941301313541 0.594987611439598 0.0033539604914357 0.0816898808952703 -0.0896389018160306 -0.157278619695542 -0.297724821117725 -0.195176672016097
-168.35076631958 20.6713475766062 -117.495050714702 0.438292242602057 -0.76913680189664 0.465111266304169 0.353399191331277 0.623247294892841 0.697618678774554 0.178608367155614 0.198077084420281 0.381055360066759 0.0435478002556525 -0.365199582656738 -0.561569062517944
-168.482932939812 20.8662462258419 -117.04162074275 0.823912704582312 -0.548080214941071 0.144138590315051 0.207201254144034 0.528060920808049 0.823540711924125 0.0694871521520318 0.0439305794541312 -0.498062416578454 0.156427660113677 0.275340221045044 0.518460467733639
-168.388369391147 20.9542224441892 -116.529225361255 0.882188495552632 -0.431874768162753 -0.187690284615248 0.356322848834179 0.351644940699515 0.865667293525134 0.354228089468092 0.857788463428903 -0.263092240223129 -0.369923130399636 -0.257818490138044 0.0931608465998021
-168.221316225269 20.8532369331696 -116.040527498264 0.904354882457475 0.0675384946437549 -0.421403367709115 0.398691988295192 0.218601518587969 0.89065036604734 0.192174659627094 -0.442294598020425 -0.208233319682772 0.0693927755234845 0.639553908302579 0.486703200150064
-167.875553010544 20.6642159077664 -115.641712023891 0.613764163511224 0.552832830968824 -0.563621692797894 0.4512106983913 0.340191799544935 0.825032390382107 0.199973905279667 0.240498820903412 -0.151534797004759 -0.00012810086453928 -0.135515632917577 0.0997273749987692
-167.505902758966 20.6256589127656 -115.347002251852 0.202558425485377 0.926581928695772 -0.316884858709448 0.543145248399758 0.162955024251269 0.823674024849657 0.216468737159743 -0.7263710646148 0.257811100058413 0.240323529462232 -0.207239444684309 -0.0354198465776709
-166.938748594098 20.6863451695003 -115.260675251889 -0.375886122488505 0.923267315438936 0.0792911543788916 0.611625663491743 0.182904856852787 0.769714142456761 0.326194027959761 0.000907480044578819 -0.414458506082542 0.209930458100126 0.198205592183129 -0.626826487156029
-166.38335572831 20.9201343399358 -115.180373866211 -0.639119122642983 0.706612340921925 0.303686922222379 0.681146734528239 0.336665044863419 0.65015057764231 -0.258983030298618 -0.0127711527249015 0.159716869510733 0.319437389999127 -0.0929025136890068 0.170023805796414
-166.075103916131 21.3160303709662 -115.064108133077 -0.73395509000355 0.190671897743123 0.651885076734325 0.642150440010897 0.50746100398348 0.574566046534156 0.273739301200397 0.488909226500167 -0.0356349986991547 -0.796506892674399 0.368047030450266 0.500954740487039
-165.887121035347 21.7280169254409 -114.754175475825 -0.60872956677654 -0.470614986620813 0.638725174781719 0.581686823350222 0.282738161355436 0.762692317815038 -0.0318464330921033 -0.521272903201553 -0.11115010834422 -0.230667705200902 -0.0690011630375267 0.0800315364887308
-165.919833341189 22.0399170257219 -114.336534651495 -0.316760121526844 -0.83709583627786 0.446019715143366 0.326956721714715 0.345049295877432 0.879795593044233 0.00515170539564389 0.00990258786567729 0.344986358386028 0.557314837451759 0.290662302747003 -0.0207297437497564
-165.20111399562 23.132267582475 -114.143446412967 0.438759105675402 0.762537085363443 -0.475423643324927 -0.619924649790802 -0.126152727008466 -0.774453948308149 0.0384335050827238 0.140748997188893 -0.0690802423098267 -0.164317485944225 0.0707278700276096 -0.213715314463048
-164.237009537721 23.24951786333 -114.165867409573 0.883544870384859 -0.374982582529088 0.280600293685554 -0.150534561416325 -0.794712767120807 -0.588022927779508 -0.564996376950286 -0.553752084841797 0.573835489063222 -0.268703736953791 -0.469815162830123 -0.348774328727777
-164.032465952431 22.956445811828 -114.591589508176 0.400441692685176 -0.375751782597943 0.835737428044179 -0.0365100940070002 -0.917874689430913 -0.395187382816941 -0.151055979876451 0.0799024242060409 -0.0113538756785754 -0.0991636288337528 -0.100544725748503 -0.178597436266517
-163.6615760813 22.4445471540454 -114.653941508887 -0.45151669020921 -0.265421099375104 0.851871069158374 -0.0977515212631758 -0.934269958407643 -0.342905650154257 0.227631421412103 0.275318033629586 -0.284108564099417 -0.45520566359947 -0.0379123108170345 0.699054633695055
-163.666735932899 21.9689394463641 -114.697992547594 -0.89138152491782 0.337357024862646 0.302703179387012 -0.410455519811931 -0.884099085619566 -0.223372050764109 0.227103524597831 -0.124069786836263 0.224897688379281 0.144370675691779 -0.24812262134123 0.160867408935502
-163.899488323109 21.597443234282 -114.630174126519 -0.411920550276352 0.562075361291472 -0.717211787751072 -0.32681710538031 -0.825854761489064 -0.459515497624048 -0.670594982616653 -0.0749516695457986 0.0122066380128584 -0.0697536123513394 0.36506121157794 0.18388278964236
-164.273000756762 21.297722783981 -114.742336317519 0.397298943736743 0.466471868314049 -0.790289532625397 -0.131496964712876 -0.823348601753737 -0.552092046910173 -0.0455004996595889 -0.276268861398658 -0.271310528863452 -0.39000195443804 -0.426958175530919 -0.226787471710897
-164.392075522245 21.0704763351191 -115.203645483886 0.957654317951048 0.193879933573294 -0.212858588427456 0.0810754926860857 -0.890968253553525 -0.446768772012425 0.0515428522497134 -0.413333078704306 0.301908457238916 0.0241164017859195 0.117154452922435 0.00119530509261283
-166.985633121673 21.4994157750423 -114.307932234242 0.79828130766081 -0.0233200865728877 -0.601833139168641 -0.593868706272089 -0.19694110407921 -0.780085996050934 -0.274310549161903 0.0890994750276067 0.146473119556513 0.0623391133095856 0.346856867951504 0.939046433321441
-167.248480480863 21.6711272060104 -114.774923995607 0.757823427866794 -0.549670778325406 -0.351519114176405 -0.527717950165849 -0.199548695160117 -0.825647675060404 -0.48528223088701 -0.109115448114098 -0.376930306634893 -0.220156965425864 -0.846923430360363 -0.0535468969471153
-167.298545351041 21.7834217756841 -115.253529369601 0.272453831929688 -0.958631904658311 0.0824243946778354 -0.553856615188932 -0.22630613668148 -0.801266736057202 -0.539387669065898 -0.0667008134706443 0.759312721183663 -0.364264952977205 0.411356415721286 0.136906264580554
-167.284733110126 21.7204360637026 -115.725574175513 -0.263432884381362 -0.838819300941225 0.476429738571166 -0.500876350677826 -0.303152780680763 -0.81069184829822 0.507784803815684 0.0066661657421568 0.388536256384791 -0.0904586046094883 0.280126772659434 -0.00607399135103096
-167.176533015025 21.4457226513962 -116.335351054437 -0.482048378841998 -0.699079333877762 0.528126353632185 -0.390219310629793 -0.368390668867113 -0.843811119091975 0.0839199144373317 -0.260124021256711 0.46060832474687 0.0314968483923425 -0.441789795798488 -0.236351823644596
-167.20418402359 21.0655482899923 -116.621959189037 -0.820964311788801 -0.282369628595871 0.496271086822284 -0.285215912596154 -0.550149657872847 -0.784848544079896 -0.518081514171274 -0.115910881059022 -0.571751069052836 0.37838841018737 -0.149807525599131 -0.118945223816448
-167.230702737681 20.5792995234978 -116.715515586563 -0.967656851267207 0.252261205519308 -0.00212188255558472 -0.176140580462568 -0.681636888063819 -0.710172971004235 0.0750461007677975 0.390103367558846 0.510850595743006 0.169396376197599 -0.209105685203919 0.339808582811996
-167.399798203678 20.1690278099354 -116.843594842679 -0.847901405686019 0.513873266168794 -0.130374355425779 -0.453850970054485 -0.830678920339234 -0.322477639976242 -0.123848605923618 0.699673787158863 0.0764259796987707 -0.158322205956515 -0.748078383705858 -0.306191159341389
-167.792106349118 19.7772890018403 -116.799816380853 -0.516271450217958 0.688532885226794 -0.509299769930355 -0.561015943991908 -0.721217376295987 -0.406333122838392 -0.0773546192684103 -0.109102831510435 -0.207767123499426 0.387191615866971 -0.0486000923182504 -0.462341352995708
-168.299472098754 19.5799875074299 -116.824456247868 0.0441294923049688 0.615694565084584 -0.786748238278429 -0.45519201909368 -0.688627810396959 -0.564439513589639 0.0456180564775957 -0.39492762649267 -0.105733057219265 0.125084434419763 -0.330782682651219 -0.0417140123562863
-168.707757887534 19.5331509896473 -117.124036427552 0.554126852570095 0.307374890057876 -0.773604620088756 -0.522270368551675 -0.595291374795923 -0.610624140717083 -0.211445602876204 -0.565869980285439 -0.530912089497688 0.0515266639026355 0.104895748904046 0.121726878843903
-169.087951528861 19.582481345609 -117.47669136049 0.739627535590552 -0.215226699310428 -0.637674349884159 -0.672275609706378 -0.280711959521067 -0.685015547543091 0.377162946333106 -0.629549988376576 0.116577653252243 -0.261367548311128 0.140592474825794 -0.106963335081255
-169.322741139442 19.6396268868028 -118.037380062585 0.740903566492458 -0.659899433590275 -0.12487851178641 -0.572570386637092 -0.523443743470869 -0.631006972835842 0.038966733592408 0.147630189471579 0.384260600797116 0.143207781987677 -0.0605777014311899 0.371606457590013
-169.389266283617 19.4381978719328 -118.462359273991 0.488088295965714 -0.839569632234138 0.238521797686333 -0.444966882386934 -0.474466453248971 -0.759530156294136 -0.264382027397877 -0.138251872889012 0.036683357843484 0.267733518830867 0.392407499654912 0.0264535218453725
-169.45434767022 19.1813187555664 -118.895814331534 0.255975055257363 -0.766664728222354 0.588814033108701 -0.0919365252959978 -0.625653841109032 -0.774664408903631 0.253399979098101 -0.11330712186895 -0.229818419734594 0.209900459826172 -0.264296038306936 -0.0781049818057894
-169.25986385585 18.8434534945152 -119.242860883802 -0.466810177462169 -0.553491334009313 0.68973589249388 -0.352661923570009 -0.598724367553175 -0.719137469029359 0.829558728397083 0.304495345744256 0.438796196091566 -0.393573759225423 -0.458099508937588 0.164298476097337
-169.274026137964 18.307626471656 -119.516283062147 -0.809633501410864 -0.0556257919639032 0.584293902639393 -0.429215935847711 -0.622891996449699 -0.654048347733776 0.630028029072436 -0.0311983155520082 -0.29646570611938 -0.0243164316423808 -0.630535477122592 0.390138118002145
-169.443539029615 17.7941713044249 -119.531126560417 -0.816802926414727 0.558821272592068 0.143358866830481 -0.537037353826641 -0.645709166615987 -0.542817236961915 -0.151678550734902 -0.245867099644394 0.022640037647912 -0.0333648064404022 0.0115694894466549 0.172893699087512
-169.832123310809 17.476890973485 -119.587911285652 -0.547365758314383 0.810344605658191 -0.209122802930702 -0.634386967088959 -0.564732676109013 -0.527854317518031 0.052812656026416 0.220320126378068 0.291402998851797 0.376186558176394 -0.340116455761539 -0.144523376220526
-170.263980611916 17.210026043345 -119.679998507059 -0.214215638595709 0.871622017391078 -0.440893092461359 -0.705656131311994 -0.45019311077105 -0.547152252445401 -0.201092585163753 -0.231185025911437 0.427970622007403 -0.48650243839251 0.30718685935156 -0.62542245024227
-170.750633265974 17.194710562492 -119.731490568667 0.3871826974487 0.332677975734236 -0.859892390510417 -0.683221257552423 -0.522727206952537 -0.509867610601109 -0.428836850591181 0.0871906614233829 -0.48205526143184 0.0720310125391796 -0.0288320611025371 0.742732554310229
-111.563254609994 24.9236199484791 -102.91536157864 0.620793330589495 0.523800079109819 -0.583308767138083 0.186439250000876 0.624056428779233 0.758810898550107 -0.157968786329164 -0.117729785945735 0.301685474178317 -0.0511451345096962 0.629019186531113 0.153545695119206
-111.246718964536 25.1003652282092 -102.550481726102 -0.202239186023437 0.716975335449508 -0.667117440930489 0.189255887780363 0.696965293305754 0.691680264911247 0.206802162434029 0.145863074577908 -0.232582179087663 -0.00896120774087758 0.0766562486741535 0.0982168501468971
-110.382931891743 25.5372373473139 -102.375512835707 0.443284345400335 0.642759032557772 0.624787816133121 0.325879580384086 -0.7648767392311 0.555667232137988 -0.649194142973746 0.258301443042922 0.270254856680823 0.151517586265142 0.461551988543085 -0.47272316220714
-109.972098526556 25.262459762047 -102.26176510153 -0.275596191911412 0.482247934863092 0.831554970115753 0.402129271496352 -0.72788756002951 0.5554023307118 -0.119353202070818 -0.304416346232942 0.147156354712477 0.369074212370183 -0.324632543420047 -0.203885364898589
-109.726613569141 25.0025481506195 -101.900718853599 -0.80654680270696 0.347559310624574 0.478209975472439 0.209634562276663 -0.588203032101074 0.781070127022008 0.425369932264335 -0.355556678655366 0.334171171717743 0.508233873314706 -0.308577950078233 0.374389644762023
-109.720867486017 23.7344635428167 -101.268457216819 0.436667212051072 -0.405593165758339 0.80300431493839 -0.618170603002455 0.513215104044742 0.595378335652152 -0.375491623883082 -0.229335393060738 -0.235793978660848 -0.0498398107273724 0.280717326229806 0.475909238493017
-109.628252120466 23.7344020983305 -102.018183548651 0.158256198693665 0.418253296098645 -0.894437899396962 -0.384526786592374 -0.808233960862018 -0.445978715750243 -0.190745343417907 -0.0402662455600434 0.614477486502129 -0.614131560720578 0.385460390186986 0.261272857661796
-109.937974150781 23.4678782188804 -102.281152415065 0.811983263331226 0.133270294120791 -0.568262447091951 -0.350082466001394 -0.667826266165742 -0.656848799357589 -0.283156150136946 -0.484133358278753 -0.0133877696348978 -0.294318706412913 0.41252143224714 0.565380430234426
-110.161286449126 23.4422770492099 -102.727271951117 0.843946934553089 -0.532528087412343 -0.0645554627850864 -0.434552027786289 -0.608142720547654 -0.664324443771055 0.33354972283632 0.379520703242574 -0.311687936758965 -0.174255851740293 -0.17243550324416 -0.0350404236518538
-110.097019153598 23.4030746354957 -103.19584960364 0.0506227634029654 -0.903739047607355 0.42508007440387 -0.606862833350722 -0.365871900261671 -0.705588586994183 -0.443631469473117 0.337405975679326 -0.593656111314009 0.160764342081626 0.113447704761634 -0.0297406013737719
-109.849936125974 23.4337777700887 -103.28892444724 -0.77463546148143 -0.0707140191429914 -0.628442065199408 0.626938932920822 -0.21627530478211 -0.748446769603228 0.189670874355089 -0.0685620390637041 0.115687569561318 0.415600123980713 0.267939830898264 -0.183022977466285
-109.696315902761 23.0833519761509 -103.590570089585 -0.423453501053522 0.674801708088622 -0.604425170890652 0.64254901611174 -0.246602040633992 -0.725477908312159 -0.43613821354833 -0.0290952280621331 0.222264515365329 0.259618902060865 0.471411629421166 0.240377603707721
-109.63370868411 23.0296158739841 -104.068945435815 0.0930393265187821 0.995234030673752 -0.0292045871364306 0.524629107744612 -0.0739323337028414 -0.848114561448124 -0.205776962499934 -0.0943737036582944 -0.0379975608099518 0.295296936007203 0.457364852215538 -0.419660899879804
-109.565154655509 23.3210240360615 -104.476406015603 0.666017386896364 0.55363780320847 0.499906014376941 0.655786323339629 -0.115207230498834 -0.746104277002538 0.219669698683539 -0.0850618640028672 0.012389700471335 0.0274356086941139 0.157501346439633 0.00981137576005472
-109.361473603618 23.5684047449267 -104.864316913168 0.777367473813313 -0.222354776479487 0.588437051887341 0.563261773786258 -0.170431248094774 -0.808510583643786 -0.198624777462041 -0.534172120345793 -0.162868509102814 -0.0459907645932953 0.0439115773363087 0.212110652798865
-108.991624320523 23.6755354296509 -105.094325686182 0.254814915361982 -0.876068335720691 0.409357582141391 0.503322896190989 -0.241303978422095 -0.829721912551178 -0.130486793775115 -0.655562672021048 -0.445920840925824 0.804120069854135 0.0129511785279042 -0.321949137059707
-108.50399763686 23.6029449141268 -105.211855693091 -0.433810765498841 -0.833980902432288 -0.341004507470996 0.356915416090362 0.188447792614067 -0.914931043967757 0.37991245768132 -0.354881769860771 0.25026090820595 0.122353492469967 -0.0717345715867421 -0.782999576284612
-108.178702469508 23.4429018143979 -105.545398069413 -0.852404092253191 -0.212852473829416 -0.477599296371665 0.381199773803068 0.372229914489852 -0.846245604544784 -0.484959723426375 0.166680190095297 -0.244014898660568 -0.0632178455674182 0.0796614433648614 0.00573187560366665
-107.976989003452 23.4355036200988 -106.116035127649 -0.983411855032901 -0.146961147066993 -0.106318129373602 0.0774567876234968 0.189770577822672 -0.978768396426804 -0.160274768169014 -0.198974121069292 0.112002800188548 0.222717634938691 0.4790412044702 0.0297709285756896
-107.880374329152 23.2407512983697 -106.561658375402 -0.687551798454217 0.722495636178021 0.0726125343593492 0.215934929413203 0.298911024941811 -0.929529077236183 0.0891789508662283 0.169298439090278 -0.0292443429324247 0.027260964884613 0.160223467680548 0.402938195357743
-107.86659042515 23.4159263841042 -107.050083197821 -0.250714386024341 0.832464860395313 0.494109859087481 0.135745572590051 0.535600760205834 -0.833489631122746 0.496819624487033 -0.118941387861861 0.181594714815005 0.167037154097456 0.280457161406337 -0.523832024337637
-107.034883979416 23.6805294191077 -107.269011449612 0.716096454248031 0.558841702898856 0.418212648439168 -0.692760216917566 0.49573787875732 0.523762577339693 0.625692968731884 -0.0758338843549779 0.0982757049573124 0.277876311374843 -0.121019435119976 -0.0410266612311392
-107.340378791141 24.1100767623135 -107.231974510263 0.435162028094408 -0.161407721785256 0.885766084614248 -0.857488281602197 0.225638482161059 0.462386334446602 0.166918399600028 0.10918171071565 0.358151866278186 -0.110023576866353 0.629751458348569 -0.0270050779993984
-107.605485180586 25.2671554179111 -106.932191441912 0.619643329815041 0.519477663335402 -0.588374966421345 -0.72609434580915 0.664051486494059 -0.178388969022787 0.227308852684042 0.16214310526027 -0.583651081644251 -0.440325138031798 -0.277505571204927 0.113128591921809
-107.661933801888 25.6317954581681 -106.83729949584 -0.185891559793262 0.0575243671430596 -0.980884944925968 -0.455246164327471 0.879627810655419 0.137861686434924 0.207823700662695 0.726209914349246 -0.0750618548306372 -0.0593682895781044 -0.0174899066936383 -0.183430818355527
-107.544218466416 26.0875001573527 -106.994641656801 -0.768913779354028 -0.166108891936504 -0.617397308010921 -0.343284908428385 0.921921083199988 0.17949091340978 0.350669305002014 0.0484369206872412 -0.0760059260157406 0.750891129300182 0.255066183807762 0.571000722890816
-107.705101130941 26.5769802831225 -107.18205363446 -0.873112627851365 -0.487506748408892 0.00339254215510053 -0.48728101553972 0.872883288281969 0.0251391513905709 0.077314042479716 -0.0459658286780472 -0.215821397288904 -0.497635714185003 0.185256082822816 -0.246989605999782
