t = 1
b = 30 30 30
E = -0.891082042773886 -1.18776520049819 0.296683157724306
-168.024114853657 15.502885447197 -119.315677972359 -0.899502433938293 -0.0623012515320038 0.432451067054566 0.0597163964602953 0.962962287543889 0.262940268429995 0.065926245246208 0.47957393708193 -0.0120307684055163 -0.0897340004288773 -0.104203092690418 0.405380829346686
-168.195209475937 16.0742425257505 -119.34456972332 -0.561567590266176 -0.440462541602079 0.700453132627784 -0.123203433485909 0.88161422780156 0.455606482959956 -0.330683596749575 -0.0765135466867294 -0.304252160832544 0.000556736769957614 0.172214609573774 0.0479682014912862
-168.533525239304 16.4966153241813 -119.234256040181 -0.10128564187562 -0.457744727003085 0.883295524527728 -0.345813715057689 0.84869571064694 0.400160549289262 -0.309733449345842 0.270356175796434 0.47460639120839 -0.272400191796697 -0.109224546455251 -0.326528305502006
-168.863176679605 16.7866096540272 -119.006571804276 0.663749504005106 -0.329212857934595 0.671606648346718 -0.254270201179647 0.745128018297699 0.616547565999418 -0.108738983860623 0.353565160393548 0.0709844626507837 0.32722483001158 -0.450976970161597 -0.257511654580279
-169.096697431362 17.0677134264271 -118.516120376533 0.959209574093963 -0.17600525608255 0.22122193109589 0.0180613454831071 0.819099842847752 0.57336658016153 0.274741298273556 -0.242408356281073 0.316226912109471 -0.0591112771152257 -0.131032199325573 -0.146956758580252
-169.016398178973 17.1903323955883 -118.012035251038 0.903227482809372 0.209892898761901 -0.374332853683954 0.109367353901355 0.730868290679284 0.673698985883279 -0.182478642014546 -0.0656405998046939 0.0487971907412411 -0.565149374136288 0.0733098104666071 0.495302133718614
-168.659632484519 17.3752836384464 -117.588428997856 0.563457755889875 0.485680634305604 -0.668303582803543 0.259481785917437 0.663963550168707 0.701299940699031 0.200299366528861 0.111298921651454 -0.157719232183359 -0.0756309548058512 -0.680348874050092 0.256481358213031
-168.23660264878 17.5440412520196 -117.323737306617 0.0405178831787698 0.676606144439385 -0.73522950597047 0.425659639050198 0.654034068189523 0.625342553590524 -0.239551368662156 0.0313134810018367 -0.440669763077165 -0.188871311500896 -0.268161905216959 0.27386045607586
-167.847483291461 17.928093096023 -117.131597093587 -0.485041604563963 0.590800977431201 -0.644739363548057 0.309464917267561 0.805528805575039 0.505326437433697 0.110383527487022 0.217917243854339 0.675488379973745 0.22130323813997 0.160056169503399 -0.00181689931999493
-167.586386283925 18.3531477703553 -117.185449879525 -0.881328863544796 0.399186701460776 -0.252803108485048 0.316331478676739 0.895914627108557 0.311883594520652 -0.333291873599229 -0.536361338887051 0.0457538358342562 0.0924565718524765 -0.151043168490015 -0.0593719051322137
-167.395402488063 18.8923701386123 -117.244913546825 -0.992645981095592 0.114218772818415 0.0401002263163711 0.117166376846675 0.989796960403735 0.0810803139618318 -0.684733236463851 0.521575487354373 -0.106358143018485 0.0671249789310345 0.446364898821393 -0.280342055076364
-167.408285761189 19.3676862294369 -117.446429263659 -0.685789425388683 -0.086823201644449 0.722602654078482 0.155866108328133 0.952302139126833 0.262347845596454 0.921490226416499 -0.253053516753835 0.0380514829885556 0.163405850623476 -0.474139009642303 0.0657801532382007
-167.548093814515 19.9153618904935 -117.456688803026 -0.316755941298059 -0.295015737827051 0.901460696917364 -0.068031891334535 0.955018177530753 0.288638081942218 0.539338400383931 -0.538679178361219 0.0329945323391117 0.341790472154843 0.113922307954103 0.110089168071946
-167.89504438854 20.3367624711497 -117.358485419619 0.101208901097927 -0.38972397736294 0.915353472603323 -0.238131333468823 0.883842004646858 0.402637279498788 0.349549668199895 -0.206171478645371 0.352575180623278 -0.249598994019663 0.162891346556605 0.371405467879505
-168.23597516645 20.618127055317 -117.090152345376 0.749278328561279 -0.187728125691106 0.635090652720477 0.0410547286307418 0.970304175758992 0.238378513632671 0.169739477643242 0.409878236678216 0.548814487038763 0.594201010864272 0.123681767191684 0.14456801461329
-168.361188767646 20.8988827024575 -116.608161669863 0.993921576512097 0.0582906190750411 0.0933922024130317 -0.0851569683757175 0.944717377771264 0.316634437283825 0.195634890191197 -0.0897964762747221 -0.663927698924005 -0.24725015842629 0.146354860580446 0.306833277267342
-168.345904675563 21.2157044738742 -116.218034705275 0.962893192464171 0.120480464387537 -0.241497738306431 0.0446842606566573 0.811304095167559 0.582914214969852 0.587075668919514 0.193120065874397 -0.362788477955165 0.637523162564343 0.404538408238375 -0.382690867134293
-168.097212463397 21.5148732455803 -115.751323745871 0.702572114411896 0.225630952174954 -0.674894878830341 0.116601342472619 0.899082851212618 0.421964635471947 0.0456370492025741 -0.904446618699284 -0.35946976971077 0.568782895618549 0.263106614795644 -0.0754144344458249
-167.812814297541 21.7564495687998 -115.49161660955 0.119676513974075 0.480354269784196 -0.868871283622094 0.136746801287701 0.858844443136918 0.493646163593338 0.0372992330399463 0.106915556812416 -0.0277337330416568 -0.316568547346555 0.164887698021672 0.288663337173708
-167.502985193819 22.179794234646 -115.342086506092 -0.568251689429068 0.321968508685749 -0.757249164328152 0.194193367524997 0.946749719389648 0.256814923329863 0.112017504806719 0.0201569452815528 -0.0246051589742998 -0.0561359074579876 -0.35648349702984 -0.0990170387200969
-167.255860987742 22.6405306017846 -115.336001219342 -0.947902276404913 0.14027415947429 -0.286014745371923 0.0615933610805487 0.961593729847416 0.267476646810398 -0.0406553992296478 -0.315205883855538 -0.259569820409452 0.0412872595466665 0.0379466077938903 0.092532668784635
-167.299905071336 23.1965253438371 -115.379548604502 -0.860687095642637 -0.3151852365136 0.399844957549934 -0.0623163296023444 0.844653160218952 0.531674443618488 0.293531226741114 -0.216323781192624 -0.0828149488668131 0.0664441927836115 -0.0427306988368331 0.0688481605169084
-167.477734790179 23.6716510602137 -115.155823999094 -0.573294612491838 -0.708578797264732 0.411399289443599 -0.413575410602572 0.6837015592818 0.6012549854933 0.0834832052582626 0.0217312441499676 -0.309494715840181 0.197217423964876 -0.265458698863496 0.418402715846873
-167.871963737951 23.8167060230198 -115.071639705622 0.276184278122084 -0.423173132340791 0.862929165449323 -0.401721313415811 0.764831485845779 0.503639538366888 -0.201856270689149 0.0593508037213376 -0.356008351058043 0.153402190066487 -0.275053844776986 -0.0972369250525737
-168.569058261786 24.1405279666227 -114.971621997118 0.143927831128773 -0.980042882352198 0.137115747371923 0.520836464414381 0.192835545494992 0.831591143369129 0.389492490254666 0.680286523068683 -0.116658328907739 0.358998841100271 0.411576795230225 0.370690094988071
-168.5033665359 24.1422014645889 -114.478799777787 0.56528903528631 -0.750212433827382 -0.342971734572791 0.681860207267229 0.190974340836472 0.706112922192738 -0.54390254592294 0.313608200505285 0.0487991220446346 0.00987631687053105 -0.277590607027457 -0.0066806324097641
-168.370053477186 23.8971871390624 -114.048017149672 0.776666489870238 -0.102010942246167 -0.621597081053871 0.627796346847639 0.044544761556923 0.777101995302159 -0.0972664992610303 -0.125721161327496 0.318196252837446 -0.0811856247828283 -0.356380083470203 0.271314248252285
-168.002982800599 23.5984913506874 -113.781372150381 0.626652987624944 0.458940333282101 -0.629825216697178 0.776802195726074 -0.303227228171585 0.551934413504475 -0.13029305808939 0.590907285012356 0.250156437462257 -0.0123171745221001 -0.725478808740577 0.19354712784422
-167.587302294478 23.3075005389374 -113.798233172558 0.414752063328059 0.909603429677055 0.0245423447301878 0.772825493285537 -0.366366751705373 0.518185449595817 0.564671010698635 0.183381951910533 0.185895941902007 -0.532267011621727 -0.252864725480131 -0.259771779234802
-167.047456747196 23.3041197987974 -113.835160180983 0.180499862421506 0.64204072692356 0.745119792139012 0.566178912359543 -0.68728806700887 0.455056647184256 0.275381665829286 -0.0633298456031354 0.134203448043663 0.125401400753835 -0.358889249798649 0.185878570118826
-168.068245590196 22.5464038019459 -116.323185765721 0.519989297369375 -0.262478012376927 0.812844649142726 0.236946904075061 -0.869944946408503 -0.432495034500457 0.336819262778805 0.135528646010688 -0.276897374196953 -0.570875807529978 0.0103963925933463 -0.014962784890127
-167.738118075981 22.3092613116932 -116.517886620074 -0.0389124274532187 -0.491545089513221 0.869982326237227 0.265223674746093 -0.844493879383667 -0.465281087126592 -0.17805948258451 0.362945578680967 -0.150657713949764 0.137585078113922 -0.355199040782873 -0.183142679855516
-167.395052535435 21.8970306133247 -116.651785897968 -0.484363063453444 -0.36558777232745 0.794819478552613 0.165812649113462 -0.930398171867502 -0.326902748810081 0.0810950008818762 -0.198519135345358 -0.0988084318219995 0.00813524101710757 0.291302548377676 0.190252310249299
-167.213341882028 21.3885484636088 -116.549120973787 -0.924980365359664 -0.160711646383843 0.344358955765198 -0.00577779547542266 -0.900119917854777 -0.435603891810617 0.0780614289599257 -0.261892226201603 0.56824648120732 -0.452491499440206 -0.0753270545260409 -0.248818870704013
-167.215821713537 20.8715705707895 -116.465318488285 -0.997468570879476 0.0374278930452812 -0.0604615822638334 -0.0194299731418216 -0.961369347226446 -0.274575043216068 -0.290113144677141 -0.193217432510097 0.258576520228118 -0.25085021649042 -0.616750745727454 -0.0113254940581098
-167.346637012782 20.4433701674261 -116.346307179444 -0.729613883103936 0.158185967556751 -0.665312544034854 -0.120167575537132 -0.987397619512549 -0.102983953946618 0.0980710121718335 -0.0640500778184109 0.047646510919 0.194601814217683 0.323491688255347 -0.0384971070634811
-167.590955008721 20.0165353157014 -116.272526808292 -0.211508037558754 0.20991899833967 -0.95456710826642 -0.253445552982624 -0.955034566434272 -0.15386464372634 0.202452083603139 -0.333910487785116 0.129206702587667 0.333264884115023 -0.218932105103444 0.520401297407621
-167.869748688994 19.5500546449464 -116.33008416652 0.221625589630711 0.348128847148169 -0.910872331232059 -0.295437561096044 -0.866226756870557 -0.402948946114937 -0.413943510217109 0.410169244787095 0.23655553731584 0.00565834177077028 0.429971198305225 -0.0790025678448709
-168.265647818898 19.233208304595 -116.592873246573 0.709624869671242 0.212831757708352 -0.671665978932122 -0.145716651120306 -0.88834465510744 -0.435442799146256 0.167602843768245 -0.197090513874422 0.0878637859276176 -0.395813682242543 -0.149406871773274 -0.264783508447802
-168.534278818584 19.0350079006763 -117.038530241826 0.940915570350394 -0.0867515319081889 -0.327340894456794 -0.253034522555216 -0.822521934675334 -0.509343889109508 0.160684875450554 -0.252154767211463 0.761735584328876 0.393906793885865 -0.125321191711719 0.388573011774536
-168.606785769562 18.9072948073706 -117.500601496608 0.895920578400383 -0.410469105750594 0.169827649171246 -0.245997263835484 -0.776788867761388 -0.579727868148012 -0.305448916741882 0.00912819926549677 0.0631939533463118 0.302439247271699 -0.298427711060455 0.0587316785111595
-168.444983111189 18.6542461927389 -117.89748674116 0.419186134309694 -0.62446106749577 0.659038208288821 -0.214898782905412 -0.773509937786531 -0.59623895314819 0.239779824279145 -0.39815536533349 -0.239787232523379 0.0781448003685144 0.957538283222016 -0.163395157133122
-168.250932640329 18.2995262249807 -118.231154045442 -0.052526520060296 -0.639173963649982 0.767266322004509 0.0611253822309625 -0.768944174010968 -0.636387103029051 0.191290876480529 -0.107407882567976 0.623898833395766 0.713808506550417 -0.644942000322361 0.425841750442623
-168.010140842197 17.8518304613993 -118.466108601722 -0.456388053715638 -0.3692664868756 0.809538267221633 0.0875559712410561 -0.92403981188394 -0.372134892147362 -0.603655714474563 -0.00936568403715744 -0.0483497211724983 -0.633579418641163 -0.131773463170175 -0.101867350769327
-167.880149874018 17.2979910302422 -118.383682011972 -0.963733449615426 -0.102029433749352 0.246592442587231 -0.000155476652179635 -0.923813685822042 -0.382842330098048 0.505137167005221 0.50653539869938 -0.298718817630794 -0.24390002567777 0.77594511821339 1.1705739136638
-167.902691076379 16.8589477882786 -118.24045047335 -0.969732091423264 0.111488225020361 -0.217232701372681 -0.0688800287273451 -0.978446069468135 -0.194676220388825 0.103011043023481 -0.1529523817237 0.154397484054838 0.349162402150823 0.245891208122607 0.229349961687095
-168.145221442416 16.417174401823 -118.137113416191 -0.587515262872201 0.268271156216504 -0.763450327548864 -0.101268345232498 -0.960405770278994 -0.259548605599572 -0.406172254190868 -0.368017569082112 -0.266612903619715 -0.419809131097304 -0.442994048811397 0.0764425637346813
-168.532447327518 15.9543836677296 -118.150861625512 -0.0217451817183327 0.426860021726902 -0.904056231062728 -0.10125019796861 -0.900561060427293 -0.422774377006679 -0.322865414808826 -0.314879550906373 0.0917036123977229 0.0566021226562077 0.293904511107783 -0.291877632692208
-168.864821682406 15.6444971914462 -118.489465738429 0.636344003380414 0.320366772044356 -0.701734594224674 -0.0342011793271664 -0.897071779436247 -0.440559305737284 -0.178803670480736 -0.28512362117842 0.307017808813682 0.0579131463915757 -0.546864316869145 -0.0708982701842539
-169.125376482996 15.4567191624344 -118.849511014158 0.928027287852624 -0.0175830037103762 -0.372097018237749 -0.224978981307109 -0.822588811541247 -0.522237594488536 -0.0339214574433752 0.492785660348903 0.00437155404459814 0.0408459269625868 -0.398257815614991 -0.119322624349109
-169.203013462019 15.2499500535772 -119.318170405295 0.833257755676658 -0.387327936699639 0.394535907182984 -0.0737493749335822 -0.785084185617959 -0.614982805604752 0.128325452746093 0.0888294466732094 -0.244178258151323 0.334172329474677 0.125375379588472 -0.0141758735167191
-147.578284718842 35.9122139907626 -82.6158491829802 0.164188337333276 0.236055195767714 0.957768309370696 -0.463175161853599 -0.838805541274578 0.286136389452574 0.389399961014096 -0.00635406579333305 0.376734521684031 0.070403766158944 -0.131308785669835 -0.0904926839468096
-147.774330141564 35.4808712798754 -82.4524063657272 0.148978048856143 0.571358724626268 0.80706551701362 -0.209860110249228 -0.779312492217472 0.590449636802306 0.0757231601216386 0.00834876741125241 0.56404622628844 -0.294167487691786 -0.0988389613928529 -0.415280262375732
-147.508415470079 35.2098816805233 -82.1710859625799 -0.650377510373264 0.400090071910368 0.645706611673934 0.0169650905984767 -0.84218623613373 0.53891978008595 -0.169136655064959 0.361121581391597 -0.662392297482712 -0.468240426676414 0.228343366112487 -0.126150413171331
-147.414977807015 34.9749171683304 -81.7948444240329 -0.983871055811503 -0.104877867883712 -0.144908172179923 0.0112530857365937 -0.844774220080398 0.535004565540296 0.134929744094749 0.223686152327186 -0.272546568287796 -0.021091142350621 -0.00801054164549122 0.314514927809367
-147.651319460071 34.8556667259295 -81.3283556993272 -0.34298081955073 -0.691103092689205 -0.636192323669285 0.131856627406868 -0.705989901534494 0.695839125617553 0.217129593646463 -0.0784319054417075 0.442386535886596 -0.179305667448815 0.344653753025617 -0.29216475888868
-147.875821609185 34.5785823649337 -81.0515278735157 0.528192807860136 -0.621460851526131 -0.578617980834712 -0.0739302701895498 -0.712499021623371 0.697767482285781 -0.392722513953525 0.378786641650174 0.0140300644591955 -0.361205987997941 0.266495180226934 -0.147537072241915
-147.978227062111 34.0833705578682 -80.9891204309415 0.989460792237704 -0.121329552760311 -0.0790346775239774 -0.0288044493650834 -0.699830547474259 0.713727895292493 -0.22822046459238 0.0236816141527982 -0.130975242518389 0.159033723293348 0.141293135750604 0.0375831744301762
-147.768410277199 33.5705133316012 -80.9322554926215 0.701669442508526 0.440455911777677 0.560052304012643 -0.0840458422517648 -0.729382096867402 0.678924188086934 0.296222405109983 -0.0981967269005885 0.22332334675025 -0.0931706590631302 0.29344387525503 -0.0624886000006227
-148.668490233448 32.7192467224123 -81.5975100727468 -0.73221918820098 -0.327133703036386 -0.59735969128156 0.395688251737055 0.509547088863111 -0.764063198739739 0.205476566080188 -0.184184591145519 0.199282812631744 0.514558697634928 0.379016125639631 -0.116908884293983
-148.466923916457 32.6514263993806 -82.0586989407443 -0.951536244783452 0.251849641974279 -0.176495135062797 0.277440502702242 0.455372330898795 -0.845968561893482 -0.130968423717175 0.306831261861252 0.254259884883767 0.282945577001094 -0.446989975628023 0.0767291422040764
-147.236138856105 33.0714988823103 -81.9864798849829 0.349224630573808 -0.880514947261321 -0.320523922742094 -0.848649553508656 -0.152177185735386 -0.506592577394514 0.0511014264200923 0.41003391477859 0.131850463381048 0.197295588433786 -0.0733374523982746 0.0388998119446595
-147.358877166622 33.1114902506088 -82.3705596052489 -0.357490789977554 -0.863822693762031 0.354979842840313 -0.811040752087007 0.0986972590360369 -0.576603632934198 -0.11791223500561 0.0424614461343423 0.199563638206722 -0.202625158945577 0.126983553799052 -0.13557500244707
-147.474898775983 32.9234748135545 -82.7597535107419 -0.726240725604839 -0.0242042078388301 0.687014239150726 -0.683861539845705 0.127282062889312 -0.718423740411258 0.137410792745716 -0.25603132060209 -0.0896813546017071 -0.825508539470462 -0.157626775458876 0.083530494098196
-147.89488186072 32.7054352346673 -83.0311451901886 -0.457133335068952 0.622101925758847 0.635624344983632 -0.797343509154491 0.0299787012509482 -0.602780727860894 -0.357057548822841 0.430833732406805 -0.070272141935537 -0.0743058759638504 -0.299186342329271 0.101015574576725
-148.380293486045 32.7153413694243 -83.2727854298191 0.0142342444756374 0.836634215500862 0.547577004390674 -0.860806012225252 0.288880846513132 -0.418999839898197 -0.445180983851345 0.0386527950769095 -0.279504835200192 0.0975492945687693 -0.0216972835459195 0.102408129047761
-148.84162590483 32.8274521562011 -83.1864311484038 0.430082377749132 0.768029055994859 -0.474510819157266 -0.875975803045241 0.227867595582308 -0.425138508444935 -0.75281569830482 -0.219780545579741 0.0258636616485737 -0.189504445070166 -0.55176716689405 0.0095425296194504
-149.43386224222 32.5784044269685 -83.5631633473592 -0.401006471172234 -0.801984492340277 0.442735456140234 -0.891953508694843 0.451996310927493 0.0108753498746816 0.679912877483725 0.254873807293041 0.191045201505597 0.0858617416287666 -0.700405648651359 -0.196802714500862
-149.74608197124 32.5998233203999 -83.9308065073485 -0.252202591303796 -0.159466529197336 0.954444487126102 -0.709893494309815 0.700771806832816 -0.0704989466933519 0.345477420368583 -0.212151617084088 0.639272497652335 -0.633594279604986 -0.496729357338234 -0.0919582610646774
-150.215818875967 32.6982434232137 -83.9523764256561 0.269088815135312 0.314344819191654 0.910372750150421 -0.787097676817111 0.616511331483392 0.0197743597034795 0.173915293250097 -0.616818160028356 -0.35782445088752 -0.547545889223078 -0.0281622908032013 -0.113309076640258
-150.589924764502 32.711035674105 -83.6915513177628 0.437817989431775 0.879890230638862 0.184685110813539 -0.88158380806545 0.460460061351118 -0.10385817857706 0.398190894441935 0.4796791163114 -0.0579381186277404 -0.301910962970463 0.372645271766968 -0.0684495474512583
-151.00715018167 33.0145634116739 -83.5427806706218 0.670562628571438 0.628995730089072 -0.393332089579631 -0.725856311411383 0.665802062318352 -0.172743245879226 0.156730426955365 -0.270862662646547 -0.279281499922091 0.0404425916866772 0.400232695106782 -0.176047283938227
-151.467259369244 31.536592712286 -83.3518044984933 0.379069380150507 -0.924980577759206 0.0267831252948047 -0.279816260818442 -0.0869881057548084 0.956104559992669 -0.062930768666654 -0.718964476272308 0.597316057433516 -0.0236709302974024 -0.160044794759177 -0.194357481926369
-151.780763345747 31.2485628029421 -82.901554653247 0.884349316102017 -0.466743306010232 -0.00877344883913512 -0.0420850085890802 -0.0984285859610545 0.994253823486621 0.484701725636245 0.0506926607507902 -0.124778358792167 -0.69355840271072 0.0490867880987347 0.02502842259355
-151.632874416546 31.1213567111465 -82.3322541549753 0.933643818476243 -0.0895001653404443 -0.346841376748986 0.329333790418389 -0.166356415798482 0.929443272831289 0.299653802046113 -0.0977160438678176 -0.211153160931804 -0.322915428822436 -0.0878762870547832 -0.0305218068721969
-151.449908900231 30.8344506199291 -81.9443111406388 0.676823453254166 0.685798621838697 -0.267563568912601 0.398516630950993 -0.0357436305446395 0.916464340676143 -0.257620145016503 0.0593701440827519 0.277995819526222 0.620481252679716 -0.339815468778851 -0.214087436278377
-151.134974231956 30.6741598225249 -81.7081819724957 0.249675666013125 0.95850250542196 0.137604538081889 0.396479242756615 -0.230838695883078 0.888548089045349 -0.137269494482363 -0.301519313275543 -0.248109145309721 -0.280254869246533 0.219535593030623 -0.325978458329318
-151.616263352573 29.9122612246528 -81.5563719493095 0.534618172172838 -0.677065371935234 -0.505733024538419 -0.830150113227105 -0.532788530150739 -0.1642777271843 0.232916024609344 0.144143177554423 0.0692517151614334 0.0254239428565393 -0.0661873297640346 -0.139671803623871
