t = 1
b = 30 30 30
E = -0.877349696816749 -1.19280592713051 0.315456230313765
-172.150730320555 14.7678371880228 -123.387406940891 0.644270887969341 0.258150623303117 -0.719911993651592 0.169975005519459 0.86943672981462 0.463883897487204 -0.365956958651743 -0.0233445412958358 0.296747677155645 0.238018970032806 -0.249497902270266 0.234529154413397
-171.810447087785 14.9362644681763 -123.106561803376 -0.0498688794638941 0.564003118317739 -0.824265477494285 0.26031740645665 0.804106590173863 0.534459951291625 0.158409708852885 0.00183304536663888 -0.522425438870553 -0.371154028721956 -0.257132937524988 0.368595608252931
-171.481610445267 15.3411223407272 -123.096236115016 -0.701723662896539 0.4607754863113 -0.543387386811333 0.129870032607839 0.832653315121971 0.538351401453391 -0.0352348273262628 0.20402057350506 -0.479744030156456 -0.128995922330866 0.184418092509264 0.284710846498943
-171.211142874579 15.7934422932758 -123.115231308467 -0.984897926395712 0.144411236612228 -0.0955063836691238 0.0745955919894563 0.851741503449342 0.518625017674232 -0.00699514203607904 -0.0416612085550015 -0.409806299059149 -0.108064289610961 0.0972026735334489 -0.077598102149599
-171.218949221534 16.3712909497181 -123.064038893103 -0.932466009360576 -0.232136589112865 0.276802719246411 -0.0921872670057786 0.893753912546647 0.438982290769875 0.379687612594403 0.382971873603391 -0.431774656050475 -0.169521991813961 -0.0297312203363117 0.123642900459601
-171.480412070881 16.8784497644839 -123.091298717377 -0.535296439070654 -0.5610221134348 0.631436386784471 -0.285347439813189 0.823719880707533 0.489961627802857 0.138224273115131 -0.299364422678539 -0.457739704862576 0.655578746289188 -0.338009182357463 -0.384820028942606
-171.838841348029 17.2096620404475 -122.918607914362 0.197220261200071 -0.556473889972641 0.807118936929925 -0.155875322346248 0.795016515249043 0.58621806895107 0.0194096436357077 -0.0791370823746681 0.165867545662437 -0.392303718286044 -0.524498577545312 0.306671785365589
-172.241570879845 17.4511990558215 -122.514057405034 0.717600409950126 -0.366235546463241 0.592386002658894 -0.0982866888209553 0.788806631086666 0.606732087130983 -0.434657389294021 0.186659054481434 -0.0214839125273976 -0.1417926172678 0.394347968018116 0.372384713017345
-172.334849894853 17.6586867495582 -122.089005866293 0.960300919781018 -0.222509742544588 0.168260387318204 0.0172829558129528 0.64945206346678 0.760206101460063 0.430213874348359 0.0634787004847933 0.473048826686748 0.132065614847645 -0.0110621667175961 0.486397208941886
-172.274899459124 17.7812352398479 -121.551409239439 0.918175169291944 0.226577599675212 -0.324987614873444 0.0786907113827506 0.699667488456258 0.710121945541319 0.170589399712054 -0.11926100865757 -0.191639008709237 0.686448513263769 0.456937438499 -0.12721951834446
-172.144271961222 18.0455165165973 -121.102424721734 0.665517104109487 0.296129549919948 -0.685123546378266 0.320556321171227 0.715554369385463 0.620665440805706 0.0425444788429637 -0.454325708545868 -0.116660722563669 0.441199413833089 -0.03849581735446 -0.191743584581283
-171.786549245697 18.1000227740025 -120.758527573634 0.213207677326767 0.629716411153674 -0.746993793717633 0.2670966965685 0.697879300552214 0.664547843682414 0.0709305019149022 -0.400015117460989 0.222082824908301 0.0217397137404406 -0.0143646426075949 0.584466995212267
-171.435426391529 18.3684541022346 -120.575946589744 -0.24620255819583 0.736698329083757 -0.629809393597007 0.60268585676483 0.625270191010164 0.495789215584361 -0.111786908767851 -0.109626788213951 0.223539042531708 -0.073673943665192 0.00154563348552753 -0.458643180589181
-171.115120674454 18.8119228560707 -120.491784413353 -0.639842388298636 0.571141794012432 -0.51419720853828 0.557055869241369 0.805618361555997 0.201662624369455 0.0427381281751576 -0.129712480149315 -0.117563760013186 0.247681507447769 -0.292335105077612 -0.0789143094927743
-170.799356247221 19.114566875602 -120.649473573775 -0.852894058356204 0.478312232624313 0.209258532305442 0.521753572439031 0.795150820478444 0.309044304816582 -0.235396597058819 0.584874188744813 0.00895254105630964 0.512316933417612 -0.582018339060982 0.273403681644002
-170.55351910561 19.6498558361625 -120.563577731859 -0.890103488242869 0.164020628046213 0.425221135167578 0.28079228413077 0.932250348752985 0.228177519538106 -0.374795027633126 0.599472286440255 -0.430270980019888 -0.0162897620371673 0.68399768841143 0.16704085253536
-170.713856863857 20.1639507811231 -120.700992623697 -0.475845569191211 -0.0541702068679418 0.877859090611345 0.351785336448136 0.903066077586782 0.24641172166132 -0.828488255807534 0.0772630206832866 0.482068335706578 -0.233855115192943 -0.139698816918715 -0.284056242670089
-170.824613743901 20.6762486061861 -120.697902982197 0.0408542066574121 -0.336718743804481 0.940718566506011 0.253778652489345 0.914126441409765 0.316179133809003 -0.459340891883254 0.252647501234492 -0.200638137560255 0.338858834410832 -0.221701087609392 -0.439008310684076
-170.944165400844 21.1707270962578 -120.445985241452 0.474742072261621 -0.474939494904163 0.740980729172439 0.298429758725141 0.87889449820213 0.372134572617594 0.371481832677568 0.113384217672265 -0.26260340247171 -0.375922211280417 -0.3552473657717 0.108077717595116
-171.098419195045 21.4859599161643 -120.01471971349 0.88648859905168 -0.347033948811521 0.306113381157492 0.173214792501413 0.862267062299742 0.475911912996161 -0.0840659376450159 0.0913488540264342 0.348507185339782 0.0687005034408019 0.102137890102181 0.0726798646222083
-171.036643441565 21.7166026321336 -119.634286234655 0.952737767913587 -0.0204316812222532 -0.303106073831372 0.202193413925096 0.787300300601446 0.582474085293232 -0.388297648438509 -0.251916637060569 -0.498720224617266 0.112755372493643 -0.104358921302043 0.709316080935224
-170.828807359248 21.8569885201304 -119.223676619369 0.566175742270464 0.413766213652889 -0.712911319382602 0.110238278257277 0.819106629999192 0.562949243447613 -0.457511242916223 0.0612949395476104 0.836539284351375 0.315506596828629 0.0488281304237392 0.239816339515608
-170.559602021161 22.2153455144419 -118.919100671404 -0.0319355241062908 0.339961934951825 -0.939896805550411 0.12809111358329 0.934014167295737 0.333481936410119 0.0577087422318972 0.257561689754045 0.16812778511133 0.457789833985406 -0.166553164927167 0.103308430641336
-170.2514074996 22.5816019156745 -118.819207550953 -0.748644648296397 0.235897186654256 -0.619583495507886 0.0676626143193382 0.956862054654239 0.282554028437643 -0.190063789506402 0.0293603544638724 -0.296452856453123 0.109807087139686 0.458299988292642 -0.212209713623819
-170.442220178919 22.3314408973716 -117.228985570906 -0.473465572725477 0.66969591393319 0.572134367351697 -0.880600128408264 -0.374153925447403 -0.290778702658308 0.447748943446913 -0.424699738850527 0.349696829576964 -0.135028218090943 -0.499195484423318 -0.148687257647606
-170.731989911562 21.9864463906833 -116.958923502317 -0.505365974666467 0.855513146925586 -0.112705310819381 -0.826989100293485 -0.517472542763002 -0.219798078886431 -0.155492867971 -0.0877889758587171 0.0824933375341804 0.4775849188821 -0.377288789319777 -0.67540222468543
-171.296009276745 21.8933326111986 -116.87465044006 -0.224701000637022 0.814849214116241 -0.534350277034518 -0.860354926027226 -0.423365677584663 -0.283814912053552 0.0565868320539837 -0.250996042492823 -0.133240504150892 0.146192637645714 -0.103262130402292 0.21706362367356
-171.809715715217 21.9294268100152 -116.843474995938 0.261519863594716 0.303867427993327 -0.916117867498567 -0.780947544380696 -0.491164287520668 -0.38584786586176 0.136691645089505 0.0685001144400665 0.132887965771413 0.0979769876777521 -0.0920424637641077 0.293880415498753
-172.264551832545 21.8740362534927 -117.108718917855 0.650357190938967 -0.312753578984435 -0.692257699867905 -0.723914167686075 -0.531320132661546 -0.440053626790979 -0.376500739863506 0.177190459692415 0.113081250923116 -0.190833733700788 -0.574195994556518 0.10128738961594
-172.633379930659 21.7281660388028 -117.469108651909 0.803025799231691 -0.56949976776177 -0.175555063406315 -0.555264174999638 -0.608036875702552 -0.567426518368547 0.734699126991972 -0.147816763439153 0.47983468209946 0.282662510312953 -0.277358251385362 0.229205466066136
-170.04297722626 21.0427659385101 -119.605007252776 -0.855385828561258 0.376178370253291 -0.356096781858733 -0.213573722442234 -0.882431753901295 -0.419166392723523 -0.0470748827263232 0.0584033460438087 -0.2911259327045 0.157378530225285 -0.126405458591742 0.414429345768022
-170.332009208851 20.6127978861343 -119.611873671711 -0.574882938355378 0.496794274822355 -0.650157716013291 -0.494205721075916 -0.844095703007041 -0.207997955328616 0.0988504390096455 0.223120004086094 -0.94362587396287 -0.39898792367069 0.000671872758959147 -0.133117884961586
-170.839612317606 20.347130173485 -119.561924915669 -0.0106118919005821 0.235329617834863 -0.971857684396222 -0.389591666562878 -0.896083384274539 -0.212727294374387 -0.216323738810123 0.0362722461137351 0.00925931246331684 -0.26933842488457 -0.292980475403453 0.0945023488054595
-171.31858155295 20.0898269564448 -119.699753671019 0.584843198849216 0.0654205298468272 -0.808503918997537 -0.504563029829701 -0.751096453039068 -0.425758461056503 -0.542966923901225 -0.450760910805917 0.140083288916474 0.133564601005087 0.514960047621427 0.0891004339226504
-171.589885242474 19.8632753255967 -120.044182189631 0.880988723470575 -0.1548061597594 -0.447094980980813 -0.439105987486199 -0.619418925006815 -0.650773483707789 -0.525663455529318 -0.387377452001231 -0.384779156163633 -0.344505037734029 -0.198841021740923 -0.548326053670521
-171.798015562719 19.7349696761368 -120.507917736365 0.81639384700831 -0.571045033579509 -0.0860735510545981 -0.498802196033483 -0.622158619324651 -0.603419440880236 -0.171185913923181 -0.104264307405286 0.075331126386553 0.0640221187124316 0.178484410211592 0.429218254152941
-171.883998993021 19.5671656249549 -120.980654278396 0.586232597088163 -0.68715584782939 0.429124903617977 -0.221276199205782 -0.645361322297563 -0.731126259511573 0.893663583152112 -0.0599030530750505 -0.295681915653415 0.21562943246525 -0.0029441310523914 0.124287080700058
-171.947557375379 19.1171409079505 -121.331551330554 0.694040299728769 -0.464139712843257 0.550347516860193 -0.0241548314687131 -0.779021334273891 -0.62653196635355 0.138027371352626 0.00999405631898058 -0.188787056104499 0.0221154319233955 0.00638825855057618 0.089132471347228
-171.536790217005 18.9430307557689 -121.659215173488 -0.102488512925876 -0.770357471891813 0.629321436325427 0.0455117282602953 -0.635621774800747 -0.770657928000427 -0.269266446006252 -0.758338763321242 0.420327750916743 0.161351580179552 0.689395441326945 0.157489627446388
-171.405082066818 18.4457138606141 -121.925529873532 -0.443067556721196 -0.387001452567691 0.808653829454611 0.0345103013364431 -0.908718124610047 -0.415981260523675 0.360637513325402 0.113618958802369 0.509406063186609 0.169416316833483 0.0980201644284039 0.0338681148900202
-171.178238531138 17.9653715529686 -121.866837999433 -0.965246741349843 -0.112574469488175 0.23585104861536 -0.00141378267370618 -0.900204848222954 -0.435464387125328 0.186922401244398 -0.679303388448936 0.0120166715474469 0.818037032163374 -0.211900058491045 -0.248709092104013
-171.18016895958 17.4626843761076 -121.888605428741 -0.9613844491382 0.206286936339895 -0.182169264286653 -0.111528699512675 -0.897172818032798 -0.427366685374634 0.468070744904745 0.176683166387399 0.0261646955807056 0.932271983083358 0.0568019771182367 -0.0951413164831818
-171.36527532473 16.9079466747186 -121.877777733884 -0.688375983072822 0.50663721320333 -0.519092708604241 -0.174906515283625 -0.810462237952062 -0.559069469534039 0.342365690698455 0.603821842045914 -0.401086794412826 0.59765970109391 -0.157035221991888 0.344625273755055
-171.697024685892 16.5200678139064 -121.990461713453 -0.0835857890435442 0.571758032294043 -0.816153275051453 -0.212878540259793 -0.810357932746093 -0.545896279463725 0.0556619566154049 -0.103764111510416 -0.473786524436936 0.386615395244108 -0.10112295327655 0.247781994452929
-172.140654466476 16.2537562766666 -122.251181139882 0.435658586138175 0.494205916190466 -0.752304531906082 -0.200744474701546 -0.761392938945625 -0.616427163905473 -0.0676012940664283 -0.500337550318238 -0.873334705384958 0.45510936286405 0.800466846231578 -0.466544250361398
-172.340710863673 16.0784336753179 -122.821294668257 0.938318388118383 0.251445578648243 -0.237347263513126 0.0353130313326174 -0.752523464163046 -0.657617993748765 0.311497442125402 -0.0850779682057412 -0.0788337409178232 0.335284702496402 -0.619079934612614 0.197026163112152
-172.430407798498 15.9108882740572 -123.289127228034 0.989136677006583 0.0429618701702504 0.140580624240497 0.136586630427731 -0.622125438596085 -0.770911169357421 0.391631401259249 0.0940531560482189 0.381330311638828 -0.100581185859143 0.0965638308459193 0.00171217022896696
-172.226823605614 15.8625379780664 -123.794596346177 0.63221241610908 -0.430329245028997 0.644301328409536 0.164262056823145 -0.738229507393604 -0.654243969098399 0.379257864825269 -0.0491345598070342 -0.129040544354221 -0.0172109359056446 0.29481928710002 -0.372389038812118
-171.848683231404 15.5963991373219 -124.118954257327 -0.00134417852347017 -0.549285931871474 0.835633387456595 0.153786383253486 -0.825807065877815 -0.542579430380554 -0.0285675825361029 -0.14616524371696 -0.555524117373527 -0.0188675291926401 -0.26179197501506 -0.358700691292684
-171.51550206381 15.2259121046146 -124.225770785522 -0.648779110561287 -0.471361769728392 0.597414217890587 0.158079384325796 -0.851417015502368 -0.50009996397142 0.105507187245648 -0.157838797628084 -0.340637475161935 -0.167858478964231 -0.673753007728791 0.122246321662
-171.367608134558 14.7375165422668 -124.254304215637 -0.992400656506687 -0.118966277936884 0.0314318577074208 0.0915560480058207 -0.884576147706657 -0.457321034921863 -0.0874052132079275 0.0451343770319028 0.267458503985363 -0.437251016209239 0.00377597872540775 0.669020529969445
-154.267736512072 69.6111647495613 -94.3793476722598 -0.762876422939263 -0.289549842479878 0.578083430002342 0.396847250711324 0.496166483329896 0.772224760301629 0.706094932062078 0.561551997992602 -0.238796240260834 -0.427165043459053 -0.298020598105201 0.0988408425869681
-154.359403877461 70.0047872115204 -94.0877004931847 0.00214980017238551 -0.815898497878044 0.578191161744599 0.438297988877295 0.520465104193661 0.732810308512919 0.168367405558838 -0.243957161264251 0.000728545479070412 0.261415833063114 0.308846636842506 0.39822267441019
-154.358282379561 70.1512342979168 -93.5837384098562 0.73632403383223 -0.667176631502686 -0.112704301505147 0.54079549759295 0.480178422922681 0.690629359311259 -0.0721167468139584 -0.419105236385291 0.13096580407503 -0.15657955705286 -0.306252215511635 -0.143828342759378
-155.202938889341 71.3182178663296 -94.1177179591607 0.244408864315698 0.923758534352093 -0.294846531700109 0.870076092700188 -0.343150372188775 -0.353857902240828 -0.127404851610492 0.286007225698443 -0.238681559265268 0.241057769838881 -0.25901803211727 0.181480084216967
-154.901415487916 71.2382547480154 -94.5612394135057 0.489389139632222 0.671577878089869 0.556310546071474 0.866508289849838 -0.302574411688485 -0.397003915614034 0.0625095688571068 0.179089306602371 0.213026063496926 0.0588559371179023 0.103336630187004 -0.511024291688033
-154.516416019841 71.3809467158884 -94.8638101047361 0.377344680907317 -0.158467642007295 0.912413830576676 0.854199058983724 -0.321007060470821 -0.409021313331228 -0.358601561189087 0.181926693494419 0.178044112859736 -0.270494064002266 -0.28323350650904 -0.089299352273397
-154.348240446409 71.6289152132103 -95.1181222194993 0.387103494413368 0.570118681575287 0.724648586234607 -0.290203889181424 0.821314672724132 -0.491145509062259 -0.290231306744656 0.0235645229714746 0.519883504502837 0.399150432083243 0.133364388765599 -0.0889662973707779
-154.479069674221 72.1139091804904 -95.1049025294673 0.684945123458174 0.413506857422001 0.599885202947904 -0.422476325875458 0.896206008549922 -0.135382954295549 -0.27359758164369 -0.214154659464075 -0.113607349160103 -0.630023272807172 -0.013278575539711 -0.133840925805271
-154.700133251322 72.5850714887047 -94.9641693331021 0.921600878925921 0.331273036867397 -0.202262193718014 -0.364222769571654 0.918205021720666 -0.15569621772062 -0.0516879393927318 0.769456384998672 0.270862874189203 0.18934682543983 0.385542174005852 -0.222926235153417
-154.646440733088 73.1429418888087 -94.9473683668855 0.968915687248768 -0.176771049681547 -0.173073357272952 0.15969180665836 0.981221158646244 -0.10818301489194 -0.225253760913171 0.00339577322292265 0.33573855275208 0.102821479240101 -0.0508825635034799 0.315948531332664
-154.452511142842 73.5200854850042 -94.7477914993445 0.668003308962774 -0.0306132964641655 -0.743528348682403 0.261387700390512 0.945140635111426 0.195922561094252 -0.375548864259637 -0.270617806947412 0.583126163906692 -0.315570791866895 0.0718117147064527 -0.169600168906478
-154.100970965254 73.7441246862026 -94.4958778360527 0.146382160854638 0.238133525188732 -0.960137848001376 0.442317027705146 0.852407478669805 0.278849667939322 0.0110373812877167 -0.40345924273235 0.0050072633809962 0.0191779618823312 0.479222989417209 0.287002304853436
-153.683036853176 73.9733561063981 -94.5088595547088 -0.501495728120546 0.658229966469371 -0.561458231677632 0.527177001412967 0.747061842929101 0.404948159670601 0.0691885354251198 0.271132092074178 -0.0871038894646301 0.205009690675307 0.167510371965635 -0.362165614179937
-153.225754894384 74.3337299951599 -93.4295575922731 -0.37852632015085 -0.5044943299768 0.776017587413015 0.732118035709665 -0.676167294655227 -0.0824680024449061 0.0305843830279819 0.198237252239533 -0.350551600487065 0.0716856140898978 -1.0671994446698 -0.114251748665095
-152.793230104139 74.1548389238599 -93.2379227300884 -0.617829448291227 -0.73431533426979 0.281189905011549 0.773810009221506 -0.631315949195308 0.0515581411635478 0.00712015981920971 0.280918381991118 0.605177962497097 0.0625562059099419 -0.444663640418491 0.721760401791699
-152.521711500071 73.9589052414846 -93.0011617786347 -0.345596551910868 -0.702793715945734 -0.621807056999601 0.872277500433845 -0.484903177807499 0.0632524338588922 0.338439440653684 0.178866950706168 0.379151191001056 -0.301528199602637 0.557939100694501 -0.00880707108158192
-152.24015291683 73.5658751735532 -92.8654667554621 -0.0278169791777855 -0.0138744389926472 -0.999516741036418 0.974296078472411 -0.223988549242867 -0.0240058593130349 -0.0599988232950895 -0.275763037633577 0.436635434374014 -0.459178815419625 -0.237982563728207 0.437749652266508
-151.937681135738 73.1922784443221 -92.9448322634054 0.0325606054653435 0.580725166005101 -0.813448270352871 0.906270742937151 -0.360339549640979 -0.220972282109501 0.802554139626276 0.166589466761643 0.0514450614627633 -0.0604350571438857 -0.271877455827948 0.155083681711483
-151.659502057975 72.8708368889355 -93.2302936602526 0.196167260234714 0.893321346067188 -0.404345617847794 0.856736026708983 -0.356732190484001 -0.372485603495479 -0.337311330553877 -0.727058569673078 -0.0854173807544377 -0.350179826623143 -0.0689310204521141 -0.044560336878002
-151.447216624948 72.8530886612931 -93.7231895873928 0.593072799819844 0.583058674185675 0.555254208962611 0.805141657126854 -0.432390253483615 -0.405937902457259 0.460290125450827 -0.475002325342 0.0318110143814292 0.199057005489232 0.0776731034170703 -0.343447991135851
-151.126967201988 73.1945787513526 -93.7905522241687 0.197604263297013 0.826966723306255 0.526382554489566 -0.308858496670542 -0.457099572937183 0.834066190092283 -0.367338940197646 0.11410875135122 0.0522497869558496 0.0466501432465725 0.233865928518822 0.245813455478228
-151.784088038907 72.7207133885302 -94.6774962376438 -0.277665067512011 -0.546051262568066 0.790398715163032 -0.93757209905156 -0.0253316556511918 -0.34686721710479 -0.214019160869189 0.0524864631621057 -0.209266612224198 0.00345290754919454 -0.424534747435537 0.24070599067893
-152.39336143642 72.6795893380805 -94.8670449108353 0.0300285974193206 -0.30773228100556 0.950999015017441 -0.98831298749514 0.133115398341356 0.0742814207783708 0.0107522113056641 -0.140765727185517 -0.0967431377927385 0.289324398005829 -0.0190346352872728 0.0736889757688094
-152.793293150318 72.494422102065 -94.9086444135817 0.0917814908685696 0.490001563547241 0.866876361227599 -0.990226740441173 0.13671615156215 0.0275625909030026 0.155106310716848 -0.412181455745011 -0.103619823904515 -0.0717024567950177 -0.287244062837788 0.0846976767762872
-153.246329838284 72.3077306763321 -94.7340231366226 0.125251085576122 0.921327252107598 0.36806013107353 -0.986500418146833 0.0762066195709099 0.144946459527984 0.0635384528360842 0.0502758408740745 0.8467368616765 0.34051630794681 0.250769358593376 0.177113575560452
-153.486766687937 72.3411962659592 -94.3190328140403 -0.162845646346467 0.807358824447134 -0.567144623577922 -0.975747139406408 -0.0465570510998384 0.213892405038369 -0.0186070561532864 -0.165582497030656 -0.0516451551045295 -0.256606722089662 -0.20582940376786 -0.302226547855049
-153.914798843496 72.5159402063714 -94.0800829105826 -0.272075417558961 0.291825304490079 -0.916958537132072 -0.953301991470499 0.0480933742961438 0.298164955028575 -0.126967715186576 -0.0534248214181172 0.222122449324618 0.300808849311815 -0.0290789815715984 0.256905021343329
