t = 1
b = 30 30 30
E = -0.802974310142451 -1.12627934416852 0.323305034026068
-177.277607884509 15.7052975539486 -123.224124473064 0.545531253343696 -0.79509938875272 0.26497662846052 0.639090149775876 0.599194270522948 0.482213652473589 -0.0661639531434483 -0.0538457612144121 0.321168420097846 0.0912040073941295 -0.0462984050908664 -0.505392700695415
-177.034298613554 15.8597775359747 -122.706183368239 0.586526923111144 -0.757362569220436 -0.287033285891366 0.749511345440966 0.373236427834614 0.546742454902243 -0.0571094757991206 -0.421884570581543 -0.149470167035732 0.263670738662873 -0.356351005739785 0.185380222425369
-176.758690138434 15.891533304893 -122.274016048622 0.624051181536435 -0.593510601627005 -0.508237433272412 0.713674025851319 0.168087458339744 0.680011758114561 0.0690060194762395 -0.25929273339772 -0.448400953769688 -0.133704327889574 -0.260233005649468 0.433426350787546
-176.533436426138 15.4974120537109 -121.929258801888 0.753053828340766 0.194564366494701 -0.628533721380031 0.640909733096762 -0.000858992060057384 0.767615773779094 0.0784448143681586 -0.342281681570118 0.020766085479027 -0.0252672480683444 0.0149233873308498 -0.477084896817733
-176.148100853708 15.2019167438465 -121.64592746703 0.536728478715223 0.655230685636965 -0.531596923181234 0.788844273518496 -0.166106949115324 0.591720536733918 -0.407734112354156 -0.24246009252154 -0.359492938991012 -0.601488407395997 -0.0269260395521734 -0.185442009008253
-175.694647272534 15.0076215347544 -121.611713445862 0.27653935343511 0.944049026349705 -0.17971483480744 0.880606484588901 -0.174056568629219 0.440722736215185 0.338907412698524 0.14296141150277 -0.273942686543109 0.136177888660349 0.143786114716273 0.190777482854753
-175.201068443569 15.0514850043707 -121.566399746832 -0.208098242783667 0.939880653499126 0.270775697817225 0.95127844315729 0.130085158352455 0.27954816250632 -0.0996912133332215 -0.359998291228544 0.386978116922373 0.174426632673576 -0.289276332059092 0.196789368098456
-174.729728241077 15.2673442273304 -121.71587477589 -0.417874935823846 0.605348977924144 0.677446051679697 0.90218180392435 0.188677596900569 0.387903025375713 -0.0829706216196804 0.278954600150279 -0.0761236748039676 -0.423119577480429 -0.374189037989939 0.285434661891642
-174.301876666528 15.623022726646 -121.521730280644 -0.595582913056497 -0.0599082844047711 0.801056796447552 0.777193798235745 0.209159147361718 0.593483151453195 -0.193728252996741 -0.38337581006829 0.389859904943759 0.433501574806009 -0.173046581440583 -0.149137058278253
-174.070877644455 15.9227768028084 -121.173714453759 -0.487385109972414 -0.699942181775571 0.52205047337248 0.544512535198795 0.22375486880834 0.808356269039799 0.659711843697888 0.175341576912611 0.726308710995981 0.367953311370463 0.38314953725083 0.195673396698321
-174.067353632325 16.0998603509479 -120.646489639599 -0.164556873700467 -0.945279128797836 0.281723985448761 0.320827921191039 0.218792391875609 0.921520121452368 -0.34193823252659 0.880483190096982 0.713552431354914 0.682776656928514 0.340990277344872 -0.169525947423356
-174.268921539049 16.1032530001675 -120.18511440713 0.460104862139484 -0.885454555426892 0.065373894708596 0.423073028940412 0.283381519300538 0.860641694726733 0.199949954562421 0.209197747586813 -0.226881206884214 0.0887550845138035 -0.114779755574013 0.439735471933919
-174.306168701968 15.9956019542473 -119.624359805121 0.813098504622768 -0.512753513783636 -0.275598722570977 0.467592100638272 0.29328891236545 0.833870038617637 0.000111870877636562 -0.215304408982808 -0.0306093511558784 -0.393784270796697 -0.307078987846497 -0.396415687929631
-174.180106284001 15.8974190236059 -119.189411874549 0.840619463944548 -0.150508405789569 -0.520294278869432 0.531668360532466 0.045944382592672 0.84570554457027 -0.532346476600037 0.408538318174564 -0.257059735686716 -0.511139823039297 -0.222876404728069 -0.691657433773763
-173.857950589389 15.6317009951485 -118.821426760072 0.690124331197028 0.407221853867436 -0.598246411792518 0.657884409033539 -0.00859654326410498 0.753069853197232 0.29019529660653 0.689347464651626 0.189619108850344 0.178223018536905 -0.123512394411063 -0.11984649893473
-173.434411790745 15.4275568762142 -118.597860006099 0.332732026494857 0.880608925673274 -0.337368224006334 0.701141325313325 0.00822487492889033 0.712974889719321 0.00385731639357348 0.0436080626669885 0.209694742371333 0.755644855843958 0.0393158491029487 0.114602715299978
-172.971706993434 15.4022667893017 -118.584821831757 -0.0605541128783903 0.976066124529571 0.208873454415189 0.819587939387373 -0.0708226004982094 0.568559380249267 -0.369953725679403 0.541399822036978 0.261871107694556 -0.0395604195934803 0.17159680744056 0.482178340470163
-172.384306509533 15.4886873553986 -118.493346847468 -0.372572582947824 0.802266244125522 0.466431714157942 0.786100219656755 0.00572221673997996 0.618072569275796 -0.257158971255053 0.0721648413250428 -0.190666296816082 -0.376710996304087 0.00596088269335716 -0.295765895110601
-171.938182365982 15.7331319608835 -118.294393777372 -0.628528745145797 0.445252621929136 0.637731698436483 0.750908210948139 0.133687783197771 0.64673366647665 0.330850700821778 0.388015059514106 -0.466424874693719 0.368700203177435 -0.160606628033113 -0.147655678875694
-171.578403535461 16.0405086542192 -118.058351251935 -0.719251624886557 -0.026330840604559 0.694250521736286 0.655429883199468 0.305689671676763 0.690626883953474 -0.562440819026398 -0.0539545562114204 0.232153897746442 -0.409403426198608 0.0410529733970351 -0.439101884517022
-171.483051314756 16.4747719147309 -117.755963031545 -0.258700735144001 -0.661718357127939 0.703706434158345 0.576808051244503 0.478539803098592 0.662036350112197 0.0681510619510786 0.378270315161156 -0.27727607543065 -0.474068455509771 -0.840192636789246 0.172766237621704
-171.477189264223 16.734504028128 -117.306041409714 0.205526567609841 -0.896050613504093 0.393512551318832 0.689039750859662 0.418032615240662 0.59200756273067 -0.131488241604637 -0.0804281490937533 0.310339950781613 -0.577799606258661 -0.163036670766867 -0.181868676785696
-171.229858358506 16.8832246731818 -116.905232107061 0.639310637706389 -0.623179782838795 -0.45047626660729 0.73714660725609 0.329952590173683 0.589700065837297 0.0939524747922115 0.313096820237967 -0.732049534569703 -0.24873692722553 -0.276514941633893 -0.0940324858248534
-170.937635911503 16.689419108342 -116.590270676224 0.66436094839138 0.26962382100247 -0.697085020209539 0.634678579582252 0.289046207014688 0.716683605805153 -0.681858450781039 -0.412979152939544 0.342400441087992 0.59873522432773 -0.211171425294679 0.295448246211628
-170.499429170621 16.5408169895723 -116.319041969682 0.177641829012748 0.698405558069904 -0.693305889951955 0.848475402928485 0.248199636813098 0.467425321213124 0.0734671583390368 0.047929035090212 0.352601479279342 -0.386683358214076 -0.169337873430301 0.170126301000986
-169.99897571275 16.7037636794809 -116.249161752874 -0.338277117409128 0.668300835162027 -0.662527422495936 0.879991497221795 0.474107725006301 0.0289280124912342 -0.432481267823834 -0.10201263670557 0.0958463627487635 0.0302604445936906 0.0460932746880839 -0.582206094439342
-169.603772617305 16.7282963532218 -116.50348789664 -0.476819076380451 0.87435122903449 0.0902967146997664 0.872904630467708 0.45892862636397 0.165595960131016 -0.0972556624975517 -0.720305693096383 0.26515570029483 -0.0728036756985166 0.072478482837476 0.536735430101134
-169.329442393337 17.0816887538904 -116.624685440048 -0.428056586925547 0.292444926574945 0.855127781860832 0.874169785104899 0.374087194516551 0.309654578051723 0.390618270591894 -0.130403733231379 -0.0195861137141774 -0.750650632264898 0.347038842456323 0.586630959736528
-169.035548140844 17.4616335361801 -116.470610800899 -0.108556446071845 -0.495277911912147 0.861925337827003 0.838340584953504 0.420345125721806 0.347123953223824 -0.382811453787788 0.753385143863172 -0.0203707451246981 0.211655081941517 -0.400113657293463 0.0893010996977075
-168.748094428174 17.1206380937749 -117.251150507022 0.852003067092889 -0.0615187508152998 0.519909816182033 -0.193414149703156 0.885831394361677 0.421774474640003 -0.695469787904234 -0.0263506126945749 0.0897524431010524 -0.171219601110383 -0.00646490226074831 -0.141122695890807
-172.43147422716 16.0077467776493 -117.241481211528 0.717744604914422 0.108604864204468 -0.687784606971812 -0.676380546728838 -0.125864919327103 -0.725718525386792 0.244040653999805 0.144591208785823 -0.172268303675841 0.0218169181158132 -0.0651580958226626 -0.321881918989957
-172.728689723699 16.2337196149323 -117.551285860143 0.68710798545973 -0.376323126895645 -0.621501022107732 -0.627248243447162 0.124443148616051 -0.768813074716457 -0.0391479437203295 -0.0329887479862078 -0.100623927263029 -0.245437172448307 0.193509863269247 -0.211399437319417
-172.832325435958 16.4766824355976 -117.952160799811 0.315196722418283 -0.846160054293603 -0.429725713327254 -0.610608143645958 0.165818113689786 -0.774378491492111 0.0346603467289407 0.379931772376038 0.312144708824736 0.219517821412511 0.220350466907664 -0.271706921592924
-172.985593512133 16.5722208522001 -118.522207201426 0.141548543356205 -0.988746114667466 -0.0484265485423925 -0.557889904344894 -0.0392654825687274 -0.828985570748183 0.106614812910281 0.0727369059660256 -0.269061442835776 0.124832762764308 -0.192860335383215 -0.0764649767616926
-173.038974074604 16.4948568037477 -119.009644759177 -0.34738048951923 -0.864802986698433 0.362550120257669 -0.494864104042193 -0.159339746547955 -0.854236714090744 -0.293297317042669 0.382125192593258 0.228474827902752 0.681004783545064 -0.0699705097672976 -0.156920379215415
-173.041607809001 16.2342208498186 -119.476296613513 -0.667264541695267 -0.459211824943812 0.586414982097132 -0.468086131463373 -0.353873348588133 -0.809733923391304 0.396566838278303 0.0482107428844629 0.103839005775995 -0.206935648371363 0.18150986831511 -0.0270998534896226
-173.129846101517 15.8152056878516 -119.750841309853 -0.848863440635727 0.149380655038446 0.507066345809264 -0.526919233827538 -0.315821977433304 -0.789058045768952 0.0853252825519926 0.154388492447123 0.323821937730901 -0.195483293456919 -0.152742003815746 -0.751125161962166
-173.319077753687 15.4227797950072 -119.952665881247 -0.831528589512179 0.508685463402562 0.223157576942406 -0.505922671586768 -0.527666134134434 -0.682356725812919 -0.442030941755207 0.243821836121351 -0.249044436505298 -0.0307028949096208 0.333823701215256 0.212124962561604
-173.668227941937 15.0650793552524 -120.158714587999 -0.437771726727041 0.897756094683249 -0.0488867030746351 -0.639768767699286 -0.349250803570011 -0.684631141624626 0.228837168967591 0.12885878806473 -0.323654806620361 0.206716701964848 -0.503607231440624 -0.110423730715404
-174.156848209836 14.9156652901904 -120.362453967228 0.0271875894827071 0.970391166144736 -0.240003790900015 -0.818061924421936 -0.116382529707259 -0.563231563914893 0.149124017182435 0.403955517160684 0.0759227028383503 0.0981568651928823 -0.725192759458096 0.449776166896642
-174.662327018279 15.1291512533956 -120.474013599066 0.377092178213528 0.651823740054406 -0.657972112654984 -0.881629265116602 0.034953055974719 -0.47064649448178 0.322001443691991 -0.425843901472345 0.0711546532332877 0.0835350558079094 0.171842018341664 -0.144266685303119
-175.033431175076 15.5004819438066 -120.619328185075 0.654731184344904 0.178681666197173 -0.734438519150052 -0.751515476542884 0.257935205476258 -0.60720171137147 -0.243609793142235 0.14318641527807 -0.0176816052357292 0.263549548962725 -0.255167210865888 0.420656668987804
-175.244041108745 15.8947121519885 -120.785417082021 0.423931881361056 -0.48910533332913 -0.76227142992157 -0.708575884682207 0.345090409082401 -0.615493968456367 -0.255168999843795 -0.496117160855726 0.111676679926912 -0.567698936340851 -0.352770146256171 -0.346188868244773
-175.38045526863 16.1884402658062 -121.250893986495 0.243202694603115 -0.899292127739228 -0.363491565684866 -0.696743789079684 0.0987522985809772 -0.710490025196595 0.0458116241319523 -0.0279212435527215 0.652863447169135 -0.415151515851361 -0.112440612351553 0.560969178519583
-175.514480243453 16.1359581581571 -121.769807344634 -0.0124174477739369 -0.991088872600193 0.132622221361502 -0.504935838535963 -0.108264488561472 -0.856340235816644 -0.483386100686139 -0.599241818088205 -0.670749470866874 -0.315222227731933 0.11094347627844 -0.0891227651638857
-175.460195856774 16.0252873888985 -122.281375377951 -0.583422664580052 -0.65149356977287 0.484947546646971 -0.497667360314381 -0.185095380839366 -0.847388280819157 -0.215479285890696 -0.620149150835312 0.106169431045507 0.200634113961145 -0.0496832942393192 -0.155968626738824
-175.604176866231 15.688509465371 -122.620939041454 -0.834902341222516 -0.154760038147929 0.528192589131666 -0.480607005949391 -0.26271254426663 -0.836659443810512 -0.0608441396646744 0.0271753290905282 -0.179955678268785 -0.640198715647442 0.00247941547346734 -0.226708445486213
-175.936974126358 15.2720486770197 -122.870481732215 -0.768453247280916 0.438485703110574 0.466057823570253 -0.586940852802764 -0.192853191404933 -0.786325684354833 -0.260332470983971 -0.151620439359842 0.349777406549086 -0.143011221619086 -0.332665349575713 0.16596939622552
-176.309097982041 14.9722087870358 -123.01712346373 -0.615049413920438 0.715274354706689 0.33180840244794 -0.777111570675644 -0.478661255001125 -0.408633099103316 0.164492103079351 -0.304880651329256 -0.315482589292515 -0.14642099555471 0.293536398636779 0.608426882047881
-176.665122181651 14.6880108255944 -122.959940741812 -0.357954908226628 0.864575364874568 -0.352672258801952 -0.808344434416327 -0.47598807073157 -0.346431280154353 -0.447253307372305 -0.482211269726544 -0.111566857717637 0.106938092985242 0.168408990473555 0.0773132869228589
-177.135928751239 14.6349476280514 -122.895558370307 0.116270225706789 0.346425158718999 -0.930844156677481 -0.791840737402465 -0.533411381599133 -0.297423174232311 -0.190566252748125 0.761573290987668 -0.0245605709102515 0.967778277569538 0.555694758836784 0.107528874658837
-158.081393426846 50.1342801468179 -108.029630256632 0.64870914246192 -0.576453499235513 0.496868002295833 -0.40410144126261 0.292327874929821 0.866744736764231 0.236948774638074 0.478096555336582 0.433926985522606 0.136222073945878 0.196459490663849 0.00756152878126557
-158.310578540588 50.0319199106357 -107.661390535358 0.94759246704518 0.0981692207111082 0.304025197153465 -0.319446579801581 0.277043818037472 0.906201194845985 0.294901924382629 0.38557700794959 0.320646661047114 -0.287002817213853 -0.104490258265416 0.639556606230297
-158.368422103246 49.8497692731313 -107.187517041899 0.589694879657147 0.807484846142521 0.0151053684607469 -0.403505452573318 0.278369555789857 0.871604118939878 -0.360158638190892 0.0355953213405937 -0.175638715253764 -0.210886191242449 -0.201754794742649 -0.0960128591384321
-158.256397761614 50.0535845854463 -106.790187925063 -0.45828487811749 0.850177889348782 -0.259176632726194 -0.488153359218508 0.00292159508045931 0.87275297889258 0.20667437808351 1.00953500244667 0.120134713136452 -0.42562593585965 0.123349693813357 0.274424697164079
-158.195039696233 50.208440119192 -106.410283153137 -0.97147729571506 -0.0937487788202195 -0.217814210693131 -0.189875718731876 -0.242714394239752 0.951334291542612 0.407811199993485 -0.184978396138491 -0.121211034430132 -0.0234829879458976 0.159618339600608 0.103384454466543
-158.362276464907 50.317695926881 -106.000804644451 -0.412256904369819 -0.837839746837798 -0.357867019181972 -0.292191324135374 -0.25046132983403 0.922980689049227 -0.0183535635368545 -0.125016449697317 0.154860034086016 -0.667780078332265 0.0710674205578519 0.20276134017508
-157.216960218021 50.0027511158483 -105.865130404366 0.140591508720044 0.989422331948011 0.0357418063111173 0.752135832052926 -0.130211022081867 0.646016083290848 0.297632407601145 -0.256417827988629 -0.47197943754368 -0.490962462520143 0.0849936914399733 0.294743020940846
-156.68156288089 50.0047678094275 -105.880886880747 -0.209068664968171 0.729938152167814 0.650753860793974 0.875506543013895 -0.156733900924012 0.457080712173464 -0.0211913397968514 0.127808715054897 0.013845507691627 0.42674818077274 -0.0601265144268055 0.363673605867379
-156.449861567766 48.8633290207187 -105.184715948869 0.127842855559197 -0.623780151001035 0.771073620025738 0.991418967343909 0.0589845003281299 -0.116658732685462 0.490704929767175 0.131083600570621 -0.251490379278743 -0.254322591370013 -0.154519140238976 0.209201230934377
-155.812606042846 48.988493294812 -105.53987714643 0.751028950651735 0.648755896234388 0.122765232798501 -0.0882648340580536 0.282910163947433 -0.955076519554292 0.0364787907884684 -0.323705132939521 0.366824183074324 0.0705169133640552 -0.500679710471312 0.649290393651252
-154.836380032929 48.5326002474728 -105.806583200869 0.128497794723784 -0.82551984005659 -0.54955009819312 -0.70992807726657 0.310354423549089 -0.632204284145643 0.233051650695144 -0.395255810270807 0.297856061759095 0.215731072145137 0.437722802759363 -0.319085969214786
-155.037076814773 48.6245145593591 -106.274337842618 -0.216297660969193 -0.967395423155197 0.131762730381667 -0.630756730483301 0.0354483993350306 -0.775170534743549 0.188483468014257 0.535958017890595 0.439498428229167 0.361976837396737 -0.184542762092185 -0.235090330896305
-155.029242307107 48.464314128399 -106.716922187616 -0.812198615324975 -0.305684829615988 0.496880462693834 -0.564971229526549 0.199872351249388 -0.800536415794622 -0.136982488106984 -0.0480571933938082 -0.198279474202682 -0.516756759614067 0.0857121977857016 -0.108282975450463
-155.19587665253 48.1967893754457 -106.957079332858 -0.799851826319521 0.563541158972415 0.206539144176971 -0.15456685079161 0.139108940210555 -0.978139965132732 -0.453415781992169 -0.00467485767425992 -0.0427980117104868 0.196659757578898 0.690400485634093 -0.26237095887301
-154.69536585436 48.2712534616581 -107.51125350204 0.517911009199923 0.846120584746205 0.125889406298779 0.0843021051937671 0.0959640895238995 -0.991808473739637 0.247107239816997 -0.492745047166784 0.348112080176624 -0.430241763782949 -0.335355356003211 0.0379727965543375
-154.944664777571 48.5166591164826 -107.886714250209 0.990851454122224 0.131483178867003 0.0304231743725358 0.0276200208547506 0.0230912794787283 -0.999351753518259 -0.166443706889843 -0.0970904481248119 -0.0892730675075025 0.256822726185886 -0.0982394872459005 -0.255131329312357
-154.846935869381 48.6506468556641 -108.304139030758 0.567073251445329 -0.785688417899992 0.24722790593505 0.164645627489555 -0.185969744427158 -0.968662516827335 0.451215327026338 -0.203130053250775 0.0718415856480775 -0.603715479159874 0.110282568870559 0.430503011285253
-156.092631067207 48.6669485356957 -108.139969363529 0.420768565300432 -0.099926284626519 0.901647687345648 0.346179131960187 0.936387850349147 -0.0577737164616763 0.142427211940382 -0.0644644900462155 -0.205887711986777 -0.19623510610014 0.336911523569889 -0.111385988075897
-156.066439960286 49.1156594595658 -107.982363060822 0.816793276855138 -0.350453205850664 0.458291712114934 0.349417299525771 0.932596048442652 0.0904000067548042 0.0259954997129819 0.126343145758466 -0.328536752562349 -0.38594292834586 -0.465666799694165 -0.0368087702540383
-155.985604405084 49.4719513145553 -107.642414138817 0.848326341733373 -0.0866458915521588 -0.522336010053302 0.120508324035985 0.992224226517172 0.031126004408496 -0.0999576437822058 -0.5688361242313 -0.444252303693133 0.00969966460814067 -0.0449952946608666 -0.245663104513218
-155.761253288728 49.8157114738796 -107.495775730131 0.0264723155389204 -0.0538722625855034 -0.99819687228218 -0.136347489761744 0.989020305371681 -0.0569929609529053 -0.725750293831126 0.0808294598821707 0.13311640886412 -0.0637469681220275 0.313242323870082 -0.205504386928379
-155.559264392501 50.2877865696132 -107.729517099052 -0.638331796954854 -0.237899740778479 -0.732076656050389 -0.275195051376229 0.958718834693261 -0.0715952491610297 -0.431517312679086 0.575946777166912 0.304131523591148 0.248159062865303 0.0896854203267596 -0.0422713247408753
-155.581806196177 50.5973303988938 -107.991996575118 -0.96309348382807 -0.0985517970478499 0.250476515279477 -0.0516491431807232 0.980932209514885 0.187361592502152 -0.429585436178062 0.0292546893369394 0.0350196991918327 -0.281491934779321 -0.270682694621217 -0.282162958536061
-155.703564518396 51.0202564094808 -108.166389593068 -0.448632845520349 -0.15713865381223 0.879793165123709 -0.155836925883079 0.983094688170144 0.0961232886607494 -0.199345734587186 -0.080153557656792 -0.0918164424839366 0.1522091042093 -0.18066746399102 -0.253796241050911
-155.64774930602 51.8351419345392 -108.583846261891 0.601920448508651 -0.126022699545854 -0.788549334453033 -0.40234405790979 -0.900833264361756 -0.163152348692955 0.666561082909343 -0.0398247363040282 -0.116506333704247 -0.0531141966720901 -0.160418049949995 0.151564572693323
-155.797760447045 51.4847559224886 -108.907503417763 0.940270244988604 -0.30093711161071 0.159149996055528 -0.280345843548959 -0.949708202830228 -0.139501030396913 0.0423252035590189 -0.179134970383259 0.301772017532808 0.525190514132793 -0.0993821038463821 -0.736599542524796
-157.04379620656 51.8928530773513 -108.140714624272 -0.074847224295514 -0.639354996967741 0.765260139343242 0.775983345982316 0.444637050444694 0.447378743493622 0.308198475390525 -0.0518905853459011 0.596156239368565 0.38999347560127 0.471978647109674 0.123030806977932
