t = 1
b = 30 30 30
E = -0.925670742766617 -1.19823358505549 0.272562842288873
-177.268721706424 16.2358514935812 -128.050856186944 0.880557430904478 -0.327259424671134 0.34281172652467 -0.369486155392121 -0.0210300790942697 0.928998232908351 0.177062117606887 -0.319078131945062 -0.0395061663590638 -0.113258089921706 0.199965399030828 -0.199853474751729
-177.38155133843 15.9575600569175 -127.663577394505 0.887663795908513 0.241770225651425 0.391918541819278 -0.321480998394736 -0.283998839448897 0.903324209164574 -0.319892214024665 -0.283597623363885 -0.176043864165047 -0.305059102824686 -0.394473686815934 0.210567875690998
-177.333658398968 15.6830194864674 -127.215593888119 0.603254835254274 0.7504131063286 0.27011807342827 -0.220996191912164 -0.16814406002379 0.960670733518534 0.199990431086175 -0.480429778625874 -0.49346628983384 -0.298630289178763 0.0924333446102335 -0.477913836283325
-177.078499708698 15.4683246582444 -126.7806985504 0.0172167199505411 0.98849008603701 0.150302808891549 -0.110842185412869 -0.147511580812008 0.982829763213977 -0.275384937114024 0.393567838584656 -0.42998429603563 -0.153159798895855 0.0700061910609969 -0.317903024293287
-176.785892819479 15.4660997504148 -126.276124207262 -0.456722117366296 0.888591746372525 0.0425395790655558 -0.0127044491704245 -0.0543283440555725 0.998442300788311 0.0935627893675264 -0.42032608693911 -0.00668331909593154 -0.175473316311429 -0.438148955908868 -0.411199502153027
-176.637216629508 15.663138164535 -125.818408054895 -0.928335959774467 0.371209533458387 -0.0198954280986065 -0.0218941182811059 -0.00117036830078314 0.999759610017694 0.083789345398962 0.182178594773306 0.473375912643615 0.162676960770571 -0.285290946699011 0.390971839523448
-176.683093976986 15.8989088412217 -125.337643874452 -0.972062612622245 -0.0270023182475425 -0.23316335893805 -0.233037565020847 0.22980627980158 0.944924635647157 -0.0662350504107022 0.0263914103925271 -0.332732036774986 0.363414627550119 0.413199403463709 0.487891636039192
-176.920696286015 16.2558018529259 -125.036229531989 -0.83399952842485 -0.545498326408691 -0.0829238353698436 -0.348474629964981 0.404218939306379 0.845678710490453 -0.163690626932767 -0.100879608981013 -0.502408824378694 0.205691365936198 -0.0479186847330865 0.197994894386777
-177.267968790081 16.5644642325654 -124.769869568144 -0.508233947866087 -0.856452619303032 0.0904829548888979 -0.561023491072866 0.408959100265053 0.719725709402417 0.417455723535082 0.147007958595484 -0.0608471746137348 -0.239283496417183 -0.0381961801707443 0.340088518397744
-177.770382015479 16.6956300856031 -124.631378803761 0.0762977993879006 -0.896195301611579 0.43704991382895 -0.639062670199582 0.2925061119118 0.711364237259382 -0.282532803480274 0.151959243518135 -0.336976845490899 -0.329271210742406 -0.333472076568946 -0.11641402962391
-178.204269213916 16.6696523936654 -124.413093267536 0.473941704458499 -0.728556879299533 0.494554480720072 -0.66335596163139 0.0739457851916882 0.744641449974737 -0.112358365851475 0.364716268525528 0.194453039397876 -0.130795923699937 -0.24789772718738 -0.125312153184707
-178.580040608971 16.404005295785 -124.164207943306 0.753156220650114 0.0213648488298669 0.657494677187971 -0.657662975628143 0.0477503310874528 0.751797390504234 -0.25453789491165 0.430887126110765 0.368255497900052 0.0707825589173042 0.675972807898054 0.466839156054725
-178.820919260149 16.1843309000571 -123.777170677598 0.834147986649795 0.339070511702286 0.435003821203958 -0.462264568457536 -0.000410183639757985 0.88674195823709 -0.161762626758854 0.405265459581372 0.333358598400612 0.0564827963738943 -0.486209589179083 -0.379045587995772
-178.769937968618 15.9939913805742 -123.259635914311 0.435846893669435 0.898332311152115 0.0551048456925868 -0.4125892156761 0.145013056121296 0.899300479629664 -0.0188027193770671 0.433276941484804 -0.255259606170014 0.041383981968364 -0.292238655749154 -0.50906376238738
-178.700894815478 16.1574356461386 -122.686937447393 -0.143502437513489 0.908444228424023 -0.392601750213583 -0.564202298087574 0.250826310307374 0.786614218591483 0.325896643806261 0.183691474261516 -0.201875153742234 0.233796590567069 0.0496172594084908 0.328122677291264
-178.774689346327 16.5369429240527 -122.241343280988 -0.391643140697778 0.61287324208517 -0.686295883333416 -0.616514132035272 0.3788947869976 0.690180458566338 -0.183340836592091 0.199156782762844 0.0705962989409085 -0.200886355850158 -0.140311561394327 0.422088354464156
-178.942567521339 16.9065866438901 -121.890831403426 -0.587659721313775 0.056675597664309 -0.807120764554357 -0.622611377439062 0.605398514429121 0.495830325222698 0.628333432016828 -0.179062850056383 0.119840403555082 0.0178850235358073 0.205620525529783 -0.251563892996607
-179.166108363951 17.3752778729693 -121.790874368266 -0.73914696396249 -0.466381891486599 -0.485952360791072 -0.673309109269779 0.530688582320803 0.514805275777815 0.013735341292053 -0.229252718206653 -0.209709925780049 0.146946144194235 -0.440501329109804 0.257743525353186
-179.559121317922 17.7780512029498 -121.922752216207 -0.517278129346497 -0.855152526374306 0.0337267480708215 -0.769214010139347 0.481846357579233 0.419683087928226 -0.0105123864556607 0.393510282879632 0.00583157403947005 -0.193586129692345 -0.0908362360442295 -0.17307407985798
-180.108916445267 17.8833601702896 -122.019005677148 -0.0268285938243133 -0.744434771587217 0.667155976818988 -0.865331720813705 0.351434373638048 0.357344223374642 0.120261189667754 0.351024335261643 -0.238638137370434 0.048973054248079 0.365137821507815 -0.428115906132091
-180.619840156804 17.9176126517186 -121.914933577786 0.396213997998274 -0.547396567940005 0.737137344867108 -0.88679031630242 -0.0200887087045539 0.46173518243127 -0.109496269040879 0.240001786739685 0.156845974616021 0.42583451671015 0.0737870603546469 0.465727507675147
-181.029374492861 17.5792725191461 -121.705771243505 0.587283081149327 0.290913206302583 0.755293379419218 -0.797362849680395 0.0477323223538461 0.601609600448886 0.486083913330181 -0.257455655200927 -0.285720329804544 0.142999199586097 -0.210727630263079 -0.138272591077996
-181.228632810804 17.3264229402914 -121.378702590982 0.257879336211602 0.904904680825006 0.338593807645765 -0.741315695599783 -0.0394370594433176 0.669996834171531 0.0251652388542112 0.239373516566783 -0.175973430052288 -0.0449070011410141 0.16506517785352 -0.0761150734151689
-181.346880900612 17.1786837434071 -120.92727125487 -0.238831199704108 0.971007151324732 0.0102357278259777 -0.414924978982806 -0.11157464249539 0.902988571892327 -0.0672636396546178 0.393060996490084 -0.0260277736154368 0.308162419941092 0.265769037799421 0.699068251517145
-181.472540260836 17.2655112592282 -120.479289356285 -0.759781785763966 0.359165686222731 -0.541970154032003 -0.492683611387272 0.225882610512904 0.840380809715614 0.181624188257336 0.400684263134208 -0.144908408084741 0.347037097959603 -0.0970755602610081 -0.274066792033493
-181.665693602146 17.6529266090704 -120.349679184284 -0.919487433909924 -0.366168768819751 -0.143049961981018 -0.314429225622333 0.466604198041308 0.826689049428362 0.375832694737732 -0.296895613685483 0.0152831124590346 -0.310557171525809 0.0827934524350914 -0.254510857010357
-182.00130835957 17.9525803424975 -120.025493900034 -0.560569068954523 -0.823769263647164 -0.0846552963592277 -0.609000023576928 0.340817872869123 0.716213759164306 0.218847093343129 -0.0211574286770994 0.0739318328951477 -0.439525651658902 -0.324630455821119 0.122823178036413
-182.462003446466 18.1475676174481 -119.947783974251 0.120488391219654 -0.732162944471392 0.670387925252449 -0.39379202468978 0.584651891136347 0.709302479539878 0.277448091191513 0.339218328468339 0.13180687977879 0.120024804706345 -0.286297775154392 0.620884557816297
-182.752178303893 18.233622518201 -119.636772750107 0.8222053160968 -0.175151436642742 0.541572148863053 -0.47769689524972 0.305013691272353 0.823876401170219 -0.059189866356755 -0.0500591773426475 -0.544652389597986 -0.270646535959124 -0.238353343798401 0.357691343257996
-182.940446851604 18.1233936175501 -119.182658090819 0.876395304157174 0.437418375695811 0.201485571331778 -0.347390067106358 0.28443006097124 0.893543329498764 -0.14876920973527 -0.167438149207132 0.0396835713112079 -0.376632814595315 0.114934479895647 -0.106273889208245
-180.193476085611 16.9524255326906 -121.296230792167 0.0278818807715126 0.837179248291844 -0.546217453908374 0.583976952051399 -0.457128088471287 -0.670823993461285 -0.358105678389763 0.00420834428417933 0.0206330404455584 -0.0543933713125956 -0.0459803491406896 1.01443790325563
-180.212464511732 16.7668450825933 -121.828846038385 0.498935465166411 0.853919662355111 -0.147934484967204 0.468685207540434 -0.409450843275303 -0.782741453593665 0.500075090775417 0.0663638354973168 0.00935991523520579 -0.459189779892619 -0.76767012295373 0.0384658269999427
-180.026036362339 16.7801593859743 -122.33646549066 0.721295951751517 0.536157154972436 0.438483357903964 0.662554707368662 -0.349590358535689 -0.662425724864694 -0.00145305742246634 -0.409087702696056 0.359251828053291 -0.0849171966948113 0.133232959271627 0.0102113663756977
-179.77415526391 16.9589668350151 -122.740103946371 0.743900273242934 -0.173053229664681 0.645495904845036 0.623006398940443 -0.169922503674551 -0.763537405517394 -0.424410761536442 0.438874936879751 0.52482623074403 -0.480145569580807 -0.257971836240005 0.047852926138452
-179.36282993058 17.1086505377141 -123.098209655238 0.567191195660246 -0.463318335663706 0.680904007480727 0.785884737979341 0.0571941316545155 -0.615722348072107 0.0237050312102399 -0.218805208664261 0.0917130704633629 0.396055557042009 -0.152261905481083 0.200013116872458
-178.863645686954 17.2107446137654 -123.181880559997 0.109206705679292 -0.903459296960266 0.414530088378079 0.813578643784297 -0.15835904443122 -0.559474935475161 -0.312449736266803 0.182227432304432 -0.132556334253258 -0.104886036888504 0.227741531159496 -0.323113626307881
-178.313638920437 17.0841970523546 -123.149150369765 -0.329067199628406 -0.930979062688443 -0.158090995836147 0.815324708935191 -0.195649346877327 -0.544946742412707 -0.126391159467769 0.667994583108249 0.105103746425347 -0.34427951629973 -0.704822604921872 0.546881184602408
-177.914370210215 16.8263123868745 -123.270976028946 -0.728956378501599 -0.514230569628779 -0.451873344534833 0.657477895770057 -0.342086368246168 -0.67134174101863 -0.226278985027727 -0.0512080592166569 0.367154065530983 -0.103615465498038 -0.0724114695603365 0.519029400713146
-177.694044265756 16.3429058737636 -123.394756273863 -0.815885585940671 0.0648350154384338 -0.574566907702964 0.459461420197866 -0.530578854981968 -0.712307013861147 -0.175525091024318 -0.752178581156219 -0.443430049880032 0.172693948658056 -0.0969668315245674 -0.441155812043174
-177.693339111839 15.9390630137196 -123.698133822234 -0.441090107470803 0.652114093761364 -0.616592836326526 0.423885790220829 -0.45419784941506 -0.783597569186887 -0.287009857724526 0.233523089042154 -0.177535906095675 0.330588210246485 0.0666816235495581 -0.0773063222425686
-177.664388919808 15.6670898479302 -124.117353330333 -0.0903402045782253 0.896292500018717 -0.434164026431212 0.168250487900664 -0.415944828781947 -0.893689919788035 0.243413640721857 0.207745564280257 0.0818743224106603 0.167513490220523 -0.70650064681397 -0.0829645210245064
-177.850968705612 15.4968008626514 -124.652941858529 0.409232727996759 0.894560310860409 -0.179695366021666 0.336623572038927 -0.331070343672832 -0.881519709529008 0.215920837254306 0.422365805416823 -0.0484875707889047 -0.210423163875605 -0.0767129152686524 -0.155470734263877
-177.842787155557 15.5089808868021 -125.13579529554 0.672643479759952 0.73881271379115 0.0413100844465383 0.128256282565979 -0.0614235480730797 -0.989837094538526 -0.100657347900148 0.00806750766988001 0.303992814594112 0.177374008705446 -0.0149828845738384 -0.277264968312225
-177.850195581701 15.7856036078461 -125.611735753906 0.935971724519921 0.225761734147839 0.270163969273784 0.216428388692839 0.236299864011849 -0.94727035572523 0.247744555390604 0.325552113747634 -0.439980952089246 -0.281638804942056 -0.59432076425804 -0.14953681722535
-177.71942585694 16.1660901302862 -125.891440378483 0.841923875137352 -0.538752089833643 -0.0301724074874302 0.22919813705988 0.407676533438753 -0.883893691600773 -0.0275293344620297 0.560357969507398 -0.644318851014972 -0.420053082179026 0.451522945879435 -0.0962724644729628
-177.401251815051 16.4818963596308 -126.182970205539 0.446090550579377 -0.871750924570853 -0.202616747071044 0.352501587409499 0.379227624113769 -0.855528515002749 -0.00323493740373245 0.294092864757947 0.171944336814649 -0.0477312283872207 0.235397476201444 0.0798100986301686
-176.960416351402 16.6317413413465 -126.529883652582 -0.0508365628303196 -0.978978316306666 -0.197527466649494 0.399998595988314 0.161268016638026 -0.902216021813521 0.0910344796007858 0.261795017154347 0.0884474219367571 0.467177332823743 -0.269726588168016 -0.209586762084877
-176.575190659888 16.5660746035912 -126.926210384032 -0.677786425649097 -0.676986789775289 -0.286870088499255 0.327567536455015 0.0712713413997119 -0.942135820864422 0.0321198508207961 -0.387228451561924 -0.458421512193812 -0.116596611868568 0.146539115107407 0.225115188222971
-176.345154468386 16.2981569963737 -127.299160827036 -0.94391146523476 -0.185830557998323 -0.272943491427075 0.30652136207966 -0.185756129420161 -0.933562700075185 -0.0717464883818985 -0.191349141652505 -0.00772914054158466 -0.285518367701852 0.150597758386216 -0.309000941500025
-176.233233303432 15.8640139691483 -127.593182545408 -0.79647981990993 0.456033737700106 -0.39705557111759 0.289040354098405 -0.289627615975087 -0.912453570198098 0.538187347763312 0.343755917338356 -0.0871823359132676 -0.235462788843535 -0.0489652421720055 -0.273211903860645
-176.265621779855 15.6014453665754 -127.998777811521 -0.130271467356728 0.949332145099417 -0.286003187173962 0.373430981903957 -0.220239083879128 -0.901134866535708 0.441144146568083 0.732252975947265 -0.0483383737133668 -0.511892962234281 0.595597183349424 -0.0212158267712408
-161.701410702381 27.0420033325933 -99.5920198741343 -0.112650741251476 0.277471706685327 0.954106525753087 0.947297113959644 -0.259820463577002 0.187407322670063 -0.101079644301091 0.406398006624324 0.45144741421312 -0.33575592663515 -0.140756172106926 0.252740514075174
-161.270986999185 27.2488246185406 -99.5664508775624 -0.039380202344461 -0.597682122844078 0.80076543362954 0.99830926091043 -0.0578218451945559 0.00593749094888851 -0.0468519428907323 -0.00494699022032805 -0.163177673826412 -0.356702572982261 0.349973790701084 0.203534246122325
-160.754430879386 27.3001215563112 -99.3062617121733 -0.228302692976357 -0.945848557436499 0.230756119691409 0.97067776461634 -0.239453131301139 -0.021139422638834 0.0163274386121216 -0.379251067549415 0.0889428073991545 0.343833953865441 0.337871938607969 0.214871706605952
-160.259325978692 26.9385684049356 -99.1571906158761 -0.410888988691901 -0.705817655989196 -0.577054308939518 0.904237658020276 -0.396247179749393 -0.1591930600204 0.10142237114657 -0.353607275219063 0.265369427404756 -0.17130260667524 0.294407278894966 0.174001954565035
-159.919633620768 27.7582299234386 -98.2445907926165 -0.142456001822712 0.983658252506692 0.110103268889568 -0.488808959336742 -0.166641416590675 0.856327296977496 0.536768874948651 0.202500467873088 0.213034087735123 0.750244044190034 0.441505233450089 -0.206993231346771
-160.006794049673 27.9110988840464 -97.7577672090011 -0.699872398758033 0.487664056399031 -0.521883505730079 -0.665858428389058 -0.18104151537784 0.72377933312091 -0.0740380901187883 -0.0721924178823192 0.439185459369508 -0.641329274945192 -0.0146515899791956 -0.205292500156486
-160.257296728341 28.1902630629285 -97.3960083235591 -0.70799502963408 -0.0593333158419971 -0.703720538029574 -0.706102278301023 0.0414802052597951 0.706893885353177 0.246330617334663 -0.385759770633945 0.274312790415128 -0.0806551914788875 -0.183832401318118 0.093516691506292
-160.637510593027 28.5031266456023 -97.2428681867936 -0.525607691341668 -0.802245727084341 -0.283087174166191 -0.645341197940775 0.159170814121312 0.747127425659321 -0.165408454776661 -0.101750757549583 -0.316181462783571 -0.036706104970143 0.379961885314042 0.134738657666164
-161.045501918755 28.6301488198576 -97.0711504565854 0.221886530314402 -0.941863430613747 0.252308631912467 -0.420504312267733 0.141029541551606 0.89626268011894 -0.483466617902651 -0.0319107249039535 -0.00593382942680475 0.474677030630567 -0.307658201665398 0.295956277173299
-161.448825722581 28.5384308928069 -96.7242871841912 0.592758876441925 -0.783169729407173 0.187835271819755 -0.33442771140324 -0.0271826955921714 0.942029302572873 0.0501292999900454 0.281504635493322 -0.0126715208136432 0.30449798344278 -0.274324704069755 0.146002912217712
-161.629688042601 28.1799800819558 -96.3777281915688 0.983831213697094 -0.10411032769899 0.145729827494961 -0.160375752662512 -0.149917736949156 0.975604576714345 -0.279538971195219 -0.667428901131416 0.10945402704995 -0.177516117611772 0.178593363483109 -0.270234499577429
-161.503185440019 27.8654576923729 -95.9964950850961 0.785190578240514 0.589379458369487 0.190020024982679 -0.123816521198416 -0.151236111631622 0.980712550963263 0.816285479150604 -0.0863825751256203 -0.250802182750892 -0.293643226436042 -0.178364551843836 -0.0853937643132299
-161.606070965274 26.9146958872511 -96.0072937026981 0.149676208521378 -0.988149068219434 0.0340360335487012 -0.451057029518798 -0.0988742666800226 -0.887001372890801 -0.0658151808164781 0.0507691994239239 0.0452786793483815 0.113091530149602 -0.064897562789523 0.142126944130693
-161.563773667101 26.7194254973635 -96.4864583445478 -0.6659294308122 -0.566209657700985 0.485741306359952 -0.604152386247414 0.0273372183390748 -0.796399755578214 -0.0379987865113568 0.126201889194623 0.279699796919423 -0.0215308835260256 -0.0559394092386647 0.155491701882979
-160.864376990715 26.8715053623894 -96.0840278246805 -0.477267178693416 0.0651490229843362 0.876339914043754 0.388783520409423 -0.878683655751192 0.277060295556356 0.0162400686824444 -0.464647750428464 0.0239367374215789 0.257136065831348 0.413229300422525 0.0931999084787284
-160.565089466892 26.6617979117811 -95.7596447579556 -0.872247217460762 -0.314862905369802 0.374227394045446 0.344363911850523 -0.938748869611697 0.0128084354144938 0.236031032048725 0.127647286401459 0.100758304866033 0.327248127764487 0.445204348443623 -0.335325704993999
-160.419420269206 26.1569647663621 -95.6370235361199 -0.889704659624113 -0.0982443649286889 -0.445840401268099 0.148499677429626 -0.985741866357273 -0.0791253354733811 0.190886322865201 -0.41677294145336 -0.348314015613124 0.00174112266292603 0.619944615838386 -0.553633232556188
-160.669502122509 25.7497678983396 -95.5716676497453 -0.0466110159078319 0.0403370871666313 -0.998098358176663 0.17028837935752 -0.984237662435282 -0.0477293588865455 -0.272704366183636 -0.408000652638698 0.00848852640413781 0.163183005549243 0.543057411878956 -0.539630257425051
-160.870820930521 25.3348796740143 -95.7264857109768 0.771319558145935 0.156454154954956 -0.616918338695561 0.0806588930409955 -0.985528472082037 -0.149089817523016 -0.390358438491976 -0.0611104194700374 0.260480229994871 0.309325594207322 0.364288384927985 -0.0197739161729035
-161.491789980098 25.1105772901725 -94.665816318349 -0.605483214552667 -0.784659238631712 0.133041182063568 -0.361088674914539 0.419818864343228 0.832686669756412 0.260279367776685 -0.313173952791606 0.0528680458246684 0.657511670525864 0.585122946786457 0.576100505107377
-161.79413182918 25.357442556627 -94.3444868083559 0.0675402146535953 -0.97868687712031 0.193933792715561 -0.289403961461496 0.166803203358802 0.942561424226366 0.121932593731051 0.313198556669419 0.268862927263062 -0.488263047566863 -0.24941425434052 -0.0784081776566605
-162.125671723489 25.4276871446657 -94.0142405949255 0.705276349942901 -0.583300606739203 0.402921422102245 -0.278375331514835 0.294837315240092 0.914099629332613 -0.203495328908516 -0.14085191245029 0.000858026565111953 -0.0786281197293291 0.444539135669631 0.217336671209601
-162.318272397979 25.2877954187986 -93.5751936486705 0.952504118422073 0.285033307252121 0.107200364485888 -0.24467626656321 0.506741504575525 0.826647792062147 0.241018783811507 0.260783252424961 0.106562430299929 -0.240101138337252 -0.0956725821181112 -0.479772004085425
-162.226015766892 25.4454384658664 -93.0884130193146 0.571870021525886 0.698578050588687 -0.430062071933449 -0.0391443534121216 0.546886172208797 0.836291357268958 0.204666969147548 0.299775337747778 0.168050324587865 0.214850920390814 0.211938263923578 -0.0855521843118358
-161.987335946198 25.4908242951295 -92.6065404676377 0.121669411853125 0.805505639059586 -0.579963119226147 0.0957386040108256 0.572055796253287 0.814608056475674 0.220795980968111 -0.349742579415067 0.0369924713161996 0.338816995197972 -0.120702710928214 -0.380144810066142
-161.700978118613 25.8585629743888 -92.4520245964601 -0.814679100121184 0.576131342385823 -0.0661108171666924 0.124732476627864 0.285419016059224 0.950251437539594 -0.513259232252437 0.421606850235235 -0.270311611129895 0.068364550692989 0.114416892709905 0.490449155812414
-162.069736043921 24.8797511927473 -92.0271576696892 0.171853787712606 -0.984693626510357 0.029064369229556 -0.869024327710453 -0.137639359472509 0.475239018359596 0.113848423962335 0.226831110577455 0.111595651217705 -0.0616477112624838 -0.374141706942835 0.352762543619667
