t = 1
b = 30 30 30
E = -0.805680117777567 -1.1087112566353 0.303031138857737
-175.853242805054 20.3996029840378 -111.566158367534 -0.0857732186742764 -0.99460522240619 -0.0583387223084956 0.935855683399912 -0.060342944365527 -0.34717843958602 0.307177409942058 -0.254109372207759 0.216815213775111 0.30668607553243 -0.786570457358214 0.103321228030422
-175.338661956872 20.250774581627 -111.508673102858 -0.351407283697169 -0.700802244658734 -0.620797176899071 0.931395056791596 -0.19443524840613 -0.307730697788546 -0.380315362562002 -0.279508778536267 0.520725703071924 -0.243629483173361 0.453224065118422 -0.111155883355936
-174.88700561461 19.9318184912725 -111.584251637462 -0.507347470904736 -0.206678211213205 -0.836589899996575 0.856839719152342 -0.224389739663748 -0.464192783675675 -0.384422432664904 -0.0526798344398606 0.135334501069598 -0.334503034223881 -0.0274021777260068 0.390007491617764
-174.544004712328 19.6026438637352 -111.773841355168 -0.444782890132459 0.259578362017996 -0.857197325367661 0.75771019464169 -0.401241177497178 -0.514665695783904 -0.0255196781229672 0.644576075457133 -0.610768607001786 -0.0310430299503169 0.320332964256701 0.221030873243873
-174.467542387305 19.2149272050097 -112.068851009294 0.0304771536356991 0.735639057061413 -0.676687757264797 0.726374963615508 -0.481361664667499 -0.490581654794697 0.0236631356091791 -0.317810736218776 0.639670732604436 -0.40090338329556 0.0244536549385753 0.358778656854769
-174.233170995054 18.9517579563134 -112.506298454232 0.235297322410613 0.949887901181007 -0.205786649849639 0.839398462445672 -0.305339732748316 -0.449641934041999 -0.172054292007419 0.0458016332482412 -0.788842205754155 -0.280769745254749 1.0242912075413 -0.320776620882614
-173.91898663427 18.9450387338529 -112.968438714075 0.279505300127793 0.914754672108758 0.291720203372462 0.864303087305784 -0.107388023154795 -0.491373570470163 0.270828656611925 -0.468762531054144 0.493225776223266 -0.305674003762528 0.495813049150832 0.0539312410354357
-173.747705780018 19.0301368036802 -113.317536474927 0.621772795215548 0.404011047964317 0.670949822455165 0.751557030302436 -0.0667424951009998 -0.656283071205311 -0.124814066160967 0.193796041861786 0.0589399416735106 0.702039516412885 -0.158693864169001 0.57081780490206
-173.365416389167 19.2357148821149 -113.711288569466 0.503212095079159 -0.116343149761621 0.856295427331939 0.846234876620819 -0.134450102310358 -0.515567360855283 0.189854874481677 0.13075817054062 0.179888703828453 -0.246699564715405 -0.386700072517196 -0.0743551052270222
-172.858207809912 19.4565259524897 -113.828845483986 0.189789029568304 -0.623400055664322 0.758519937017638 0.870257192665937 -0.250871615172646 -0.42392906401174 -0.227046495963122 0.0943534003260547 0.141713513677142 -0.473565142045645 -0.501250557210333 -0.1587872018513
-172.353618222254 19.540598860847 -113.769977300397 -0.145814889180631 -0.967487465691867 0.206654353504515 0.938555932287494 -0.201330369332327 -0.280319182990499 0.452609880867597 -0.0666897719843544 0.268847560672045 0.675791010213355 0.372160372842 0.0351862486625872
-171.765369470054 19.401341279219 -113.776186586235 -0.460712242051479 -0.88503832698683 -0.0667187364107823 0.852801205027004 -0.420594411436389 -0.309564929817585 -0.137225511334746 0.0466614701623992 0.0867739961500194 -0.451242045280035 0.145417009964546 -0.185529383848316
-171.372584219342 19.0304217724878 -113.83004958815 -0.712777677793678 -0.611723418589643 -0.343136184609043 0.701286350905234 -0.629975044860276 -0.333659852075902 -0.481385037346853 -0.403654654650746 -0.215663022304354 -0.544405067056723 -0.18145880220383 0.534915492088769
-171.155042689457 18.508510693278 -113.756156648154 -0.61695994110881 -0.10457590222968 -0.780015584292943 0.712083972799967 -0.496208481190187 -0.496702686600691 0.380122402687094 -0.163729161575351 -0.246195399919941 -0.255118135010376 -0.0229349669906561 0.410571591207461
-171.200395867836 18.0456204463417 -113.881036489075 -0.0624166186144616 0.37396307981694 -0.925340899698357 0.746709150875988 -0.597674375653066 -0.291908863664293 -0.10948429198756 -0.152097916336015 -0.722026792614639 -0.349156161575803 -0.211891903739752 0.147891969600115
-171.048709280724 17.6780672260952 -114.215278651233 0.302291901394115 0.805641249759299 -0.509472063059208 0.724016404138541 -0.541708473944174 -0.427027137071369 -0.607225328627878 0.444425814007786 -0.169259958749916 -0.24315636309764 0.403713446767608 0.457900937553307
-170.907977510497 17.4524687863208 -114.758076618389 0.548006601640092 0.831564238844117 0.0904968575945138 0.742484381961891 -0.433749440477289 -0.51046877027719 -0.021287217824723 -0.246396345588588 0.582824816875444 0.20893878015631 0.0795552024551387 0.094737113203357
-170.576883664668 17.3403810587718 -115.144673309589 0.487873509512732 0.694245701732803 0.529152477402553 0.848890489404706 -0.23609877196383 -0.472908349339923 -0.268933703229867 0.558309357057458 -0.299397188210074 0.213272335951315 -0.0505131985004367 0.219481406777745
-170.202087664307 17.5013180997922 -115.546963143073 0.482844607310799 0.0892394181579086 0.871147181271752 0.846843079896202 -0.300880484240219 -0.43855185809125 0.0608040268800174 0.102066684287072 0.303318169034729 0.271523690366743 -0.00514229101578288 -0.0319638678603781
-169.756555704635 17.7078928325744 -115.743288252644 0.265607335339274 -0.512009251518071 0.816883877778154 0.89433713120673 -0.185560739218118 -0.40709741807796 -0.0743172420157195 0.418941481907664 -0.135877561850447 -0.125436383443338 0.313024704122375 0.155376072083183
-169.194265465678 17.7528763148316 -115.799441045869 -0.0715982440484918 -0.912810383035695 0.402058324216025 0.869262336414757 -0.254779549850504 -0.423639435686446 -0.0189734573622753 -0.00325766984976163 0.340433482754964 0.197763740006529 -0.68818642412771 -0.399610001624205
-168.723981958236 17.4695998517811 -115.849773601129 -0.657050351618385 -0.738529332485261 -0.151192792477125 0.687767621509599 -0.50516092275309 -0.521333042235263 -0.534275224508167 -0.200629109922328 0.120288199988552 -0.322888323933526 0.130656558517313 -0.0336016535568281
-168.452979636116 17.0341247208009 -115.825895087954 -0.698806905955696 -0.174386486829905 -0.69372780065365 0.655046796607728 -0.545633107438108 -0.522683657981946 -0.526658694387513 0.439176410880695 0.394628918392364 -0.747696529003501 -0.10849908257813 -0.241627858311517
-168.371949538501 16.6048079812489 -115.939007691028 -0.132550479193384 0.446450917723399 -0.884936126807771 0.761483295277259 -0.525653356829732 -0.379251551700612 0.31206807544552 0.0111857408687569 -0.0517652237040159 0.135198508735963 0.219445747737704 -0.158817143852313
-168.187243435873 16.2471308128107 -116.30730858726 0.293543131791508 0.909179913534767 -0.295337628152842 0.883078318005021 -0.37620949310794 -0.280426642038324 -0.0437886713639603 0.198625733786399 0.319446708959451 0.215644950792976 0.503748479844039 -0.0478779260553006
-167.284402138352 15.8867788896523 -116.34925175297 0.881832275153374 0.469890514999909 -0.0396830242162094 -0.0503434864417349 0.177480509236646 0.98283579616027 0.41488134438092 0.285373041273914 -0.499752495510858 0.39809670820525 0.30558042634067 0.386131582576273
-166.912146118371 15.8101192230239 -116.018593646878 0.0812651258843783 0.992084562007973 0.0957298341189616 -0.0366283825040934 -0.0930099479975281 0.994991211603716 -0.378450434324549 -0.0059461149365596 -0.151223821091107 -0.38314639046971 -0.427805864184078 -0.132284114463184
-166.887926886531 15.2339469751525 -116.687382352498 -0.763728890962457 -0.645272993975513 -0.0184646785818917 -0.574188151061711 0.665967174877795 0.47623071001944 -0.431725181448728 -0.158715952657053 -0.220928239962877 -0.0326604825812566 -0.211985989260643 -0.162665058308859
-167.372144074876 15.4206227738547 -116.763927552795 -0.302921749944049 -0.526311934212663 0.794502461491569 -0.5902108528133 0.758160703857493 0.277206595065323 0.00222451215903494 0.0904303003838285 0.0458331210883371 -0.0593302054561567 -0.0607279295613583 0.0641183309003036
-166.905953765948 16.072243692521 -117.424973590199 0.513510039277845 0.251864377425583 0.820287617208068 0.483345665273335 -0.874769578312812 -0.033987537714615 0.719528938028174 -0.257191818993095 -0.079334118001596 0.322672798719039 -0.0361862930742374 -0.569073138264752
-169.340635972797 17.3094557383096 -114.693158650347 -0.351515954697616 0.235762433943139 -0.906009165701005 -0.779680378470586 0.461963673173835 0.42271511931288 0.326420527549866 0.216734246336846 -0.232874837473343 -0.450070526697657 -0.341291326926513 -0.15042794497021
-169.588080851022 17.7424590545158 -114.576662694566 -0.519277546453517 -0.255369933177244 -0.815559333818371 -0.785516779374419 0.518518941222285 0.337789130841949 -0.0163054619551471 -0.228457619318467 0.0650173422257858 -0.727006583203394 -0.250955623493569 -0.223719228797597
-169.916795406927 18.1466383629247 -114.556426420349 -0.570712677480082 -0.588840387582058 -0.572323368137041 -0.750923029278667 0.65627631142309 0.073593526643667 -0.0701951952237035 -0.56656035405569 -0.120008480864515 0.618346692358096 -0.495590780364264 0.257821534223522
-170.218490741755 18.4780770362664 -114.793670741169 -0.560203586836273 -0.827146976003867 0.0447193625114953 -0.799936915651202 0.55421527493314 0.230100760557685 0.680606341381563 -0.0490432079895182 -0.136385852226699 0.0932772996035574 -0.04398565204916 0.253063912080065
-170.807084446076 18.6055894545573 -114.916946775878 -0.192321724477122 -0.732180869740441 0.653393853873969 -0.889917466284258 0.4107447695542 0.198332139317043 0.0707483936696774 -0.0802682177607335 0.00952594939385013 0.136114307610821 0.373192930933117 0.488415186762641
-171.322763982262 18.5217635989818 -114.985140717568 0.1941163475223 -0.284278177747479 0.938884849851766 -0.899332252076254 0.33070421276357 0.286070313097814 -0.0705006299742565 -0.204672044736811 0.366370201982195 0.191866988364699 -0.0683042534098373 -0.608439493073802
-171.797010610788 18.4860923871072 -114.737375219452 0.477839049905121 -0.0313683041318984 0.877887163524823 -0.847832385796428 0.245066737037713 0.470236685077233 0.538176778395914 -0.0776512107251823 0.0223210855824898 0.509044312056894 -0.552841267815417 -0.000963930555359344
-172.171535305301 18.3671488927955 -114.437609851259 0.59695266695394 0.61820727806546 0.511338708454067 -0.788998701331242 0.336901741378309 0.513788152796341 -0.184460987827764 0.653786748961131 0.250268486974149 0.559790508705348 0.377646844750309 -0.179656499366043
-172.343004398533 18.3706951020507 -113.978110856661 0.463798940170199 0.879863087343243 0.103592908192679 -0.619850432155611 0.238727618736034 0.747525628864405 0.54492261511877 0.228032848711486 0.2664339105822 0.203829911790796 0.54674396408388 0.209844289659866
-172.460963828533 18.4131491842436 -113.431472955519 0.11204172790811 0.961301505846262 -0.251686443943798 -0.612504931892324 0.266253883535437 0.744275874867564 -0.0565924261775835 -0.0793350070409567 -0.385240685898294 -0.0229641351085709 -0.379270533868334 -0.151889301512718
-172.607451596066 18.6986013266882 -112.924215175637 -0.181092891557005 0.607162739131283 -0.773665801776271 -0.717661920086515 0.456293767483531 0.526077338623726 -0.305769039675268 -0.254752426315165 -0.118506578010361 0.352989017673802 0.19323336444067 -0.358050465411487
-172.739632430063 19.1493014858942 -112.678438770975 -0.586996520323195 -0.0170212638626475 -0.809410502591225 -0.705921966262846 0.50024678364108 0.501425301519929 -0.147289943157635 0.463695377439806 -0.146155894183568 -0.00263440648275286 -0.0339576194090745 0.32556244694148
-173.056676615561 19.6833947546321 -112.649122613732 -0.581779394567145 -0.527604777665246 -0.619003985966078 -0.7922324570384 0.539877949844462 0.284428432626982 0.0321732058337697 0.083482638260611 -0.43496253782962 -0.32178778854224 -0.136016093160034 0.295872661221679
-173.570467907331 20.0512300517388 -112.592610626751 -0.354339736281813 -0.90322378270938 -0.242136634237556 -0.920215606177577 0.290759302318336 0.262034856961029 -0.159474284745816 -0.0733874508035329 0.315524280381566 0.0372829947869341 0.703026244357344 -0.426800362027487
-174.051858979652 20.1773638924911 -112.703973560004 -0.0503708785239634 -0.998654825778948 -0.0123009570824696 -0.980539661190877 0.0471096365132118 0.19058503346085 0.163617971441543 -0.0626636150818233 -0.0117689932331323 0.234439059059495 -0.0469699008725171 -0.20742491941022
-174.495968798268 20.0741161768166 -112.946586940579 0.0373687710403458 -0.694260826850214 0.718752724692014 -0.997810869912127 0.0133485507428315 0.0647710126389203 -0.199619780906808 0.154603308994362 -0.140237745321651 -0.50581241577776 -0.0992131808817336 -0.078247044235932
-175.019770497003 19.7548512821887 -112.893197041416 0.329714078744452 0.0993079366512778 0.938843203093979 -0.92609970916947 0.227185517555335 0.301207684645224 -0.174799797437068 0.216656997809129 0.191198159435017 -0.224238784890094 0.530224013246133 0.238383620285709
-175.50475680958 19.5768770392635 -112.540226753607 0.543294718664079 0.296880265705073 0.785298004904255 -0.827816411583047 0.0336501152566834 0.559988980656744 -0.51435958171693 -0.234237199601847 0.256210467625964 -0.436289494271054 0.198493354641392 -0.066626602980069
-175.76056246365 19.3289944459327 -112.14570749243 0.403059597881401 0.777997788717427 0.481936096704195 -0.793507829449256 0.0347326959313021 0.607568073911124 -0.245499109414235 0.390118089738587 -0.20078306257282 -0.113920862683785 -0.20549615193554 0.156294812200118
-175.99883279332 19.204046199176 -111.645258558913 0.160735083402529 0.983293739228319 0.0854263153716337 -0.83136449020403 0.0882318730691685 0.548678613582213 0.285528151511951 -0.602952847898791 0.101946700726987 -0.634857550759974 0.543650587772622 0.0568407266608918
-176.180355959567 19.3335435992624 -111.183975758186 -0.257081639856586 0.858153523555863 -0.444388974275133 -0.818194778565484 0.05142503229703 0.572636682706782 0.185368101315414 -0.249853014832347 0.28421435202557 -0.100302183820675 -0.274356917102725 0.0147593110909813
-108.641120569936 56.6388657058423 -144.490703684306 0.361189440574694 -0.237663690131313 -0.901697376291241 0.8385371557617 0.505784041287822 0.202578236702856 0.444502242071746 0.372659703647338 -0.0711179073649373 0.167093557341444 0.250470168295631 -0.0480429689104186
-108.087099129308 56.6432213022066 -144.391903117577 -0.128754622322185 0.459419703732054 -0.878837745578456 0.725391741979164 0.647908328583073 0.232425511553966 0.27851812242377 0.0970775208313156 -0.313148185427467 0.168144591439175 0.184494388152962 0.203712285714902
-107.655218539257 56.8859181548801 -144.566035507204 -0.541119885187601 0.782745597932391 -0.30740624387286 0.710929010964822 0.62105510039392 0.32995530552376 0.414252383710612 -0.0827305861170339 -0.290528296808106 0.51599401020969 -0.607194660530659 -0.823186735833583
-107.368966994934 57.3526871265262 -144.547630045294 -0.7805155947099 0.498627192945986 0.377049504534163 0.620059628627335 0.694217539485948 0.365497010680809 -0.0451127651040726 0.199157365772675 0.00142491081168009 0.387762651929812 -0.0183781784168572 -0.489557398751594
-107.144831120367 57.7552289112421 -144.584751920103 -0.620346192953622 0.00993396583255744 0.784265208466362 0.584880700990708 0.672077174868922 0.454122050366228 0.432023586731178 0.495170641378497 -0.324644095218307 0.440072083290059 0.279314150418633 0.394459831096084
-107.066061228428 58.1765580553069 -144.466875271831 0.0919002687204502 -0.558057843640994 0.824697389203987 0.72619663918702 0.604226879710607 0.327945603825788 0.146417700712123 0.340953508820795 0.0358480627816343 0.0444464256478645 0.345280609765635 -0.534070907065517
-106.936493511996 58.4401675389187 -144.13930753644 0.644579765163518 -0.733860508334292 0.214396083567493 0.656193691311029 0.67494275612326 0.337434609132415 0.255745078307432 -0.110811213892075 -0.2872618599539 -0.354914771969025 -0.190706079465997 0.759355685863255
-106.733198910441 58.5924842121992 -143.671389226393 0.767641309447795 -0.485418186667634 -0.418444744358894 0.640871878976401 0.584653946431534 0.497456528411569 -0.338973020891731 0.556860439889559 0.0504997838879397 0.369906903939337 0.280975937892911 -0.546842544275008
-106.435005671953 58.4919173680325 -143.235915890176 0.565155932118881 0.274516659467429 -0.777971320850379 0.486200364957131 0.651012247878731 0.582917025165192 -0.731910237144912 0.171182187859181 0.163533002899159 -0.037557435382292 0.00350820463635138 -0.83568341859253
-106.056370045533 58.5561590814108 -142.973279887345 -0.253122463211274 0.708258010708135 -0.659014118881843 0.284372739285196 0.70557528670654 0.649072923438051 -0.0951941974631839 0.214744026160489 0.184609002712135 -0.0725595744091739 0.232686453604591 0.134506763830272
-106.430539828797 57.4215336645756 -142.493033832862 0.134314378985592 -0.932500473673197 0.335264841874272 -0.671575953233682 -0.334441208983175 -0.661161717563974 0.00227040983569782 0.245904517401304 -0.2281723169331 -0.107685924323154 -0.0309024857202362 -0.551016208752532
-107.090994864754 57.3419167892134 -141.976568971949 -0.672733748402803 0.652398433995287 -0.349006571686568 0.522778631386584 0.0853280737254607 -0.848187256683259 -0.274961103354643 0.260326475662123 0.471136510221201 0.11796831939178 0.0622847835679448 0.450836365679121
-107.017471312234 56.7341329618146 -141.629691844698 -0.848311610563084 -0.418112275666148 0.324883881288595 0.130776784340965 0.429117724041417 0.893731174118342 0.380978928359596 -0.147508378952985 -0.392812344114731 0.307731426835796 0.281592651452197 0.177694688442102
-106.934286939473 56.3834774802003 -140.827987372774 0.218589840655887 0.364969537085514 0.904994872118964 0.550831014654462 0.719387313331769 -0.423163191584565 0.529520118749248 -0.139027435610875 -0.463721346704933 0.0592085962703957 -0.370990922981004 -0.139820881055197
-107.200673989711 55.6348127208263 -140.596226782572 -0.736649214507112 0.540489053271527 0.406472038472147 -0.0430201126705421 0.562376326477877 -0.825761549918051 -0.249210470920854 -0.268342975505922 0.133227284859546 0.107818007137481 -0.0911341972999283 -0.408642624854785
-107.061268085648 55.2841842970884 -139.797998595336 -0.722880840696227 -0.485758786001009 0.491407867231632 0.621631700330181 -0.146677302785995 0.769454220855297 0.109509542167086 0.137890517232727 -0.0143595672879702 -0.254237158312233 -0.202122237574304 0.0630012100314801
-106.967889704872 55.3523202594546 -139.276404194818 -0.385716399163731 -0.922025990308176 -0.0330292690260035 0.488958895279357 -0.23464542013525 0.840155179438146 0.0842928139667751 0.023195117444793 -0.496924889905284 0.81257646061565 0.311774695340485 -0.0557180979288069
-106.935337114984 55.0678639741046 -138.783324762559 -0.0291310007969778 -0.831470199286794 -0.554805094146176 0.308865798774528 -0.535366211437538 0.786120180378541 0.0278341529461025 0.170028580542308 -0.201942061642326 0.101282332538529 -0.218331307497278 0.0745389459590228
-107.730662978281 55.884629071014 -139.111424267158 -0.358761043093126 -0.166733623031156 -0.918417341359382 -0.395898083104347 -0.863855497018117 0.311477748909747 -0.084296874359251 0.00325313034602286 -0.225773015327123 0.13537118659863 -0.106497996592132 0.155867113466969
-108.137170750705 55.6332923490947 -139.038463853686 0.240647114637316 -0.340599593711373 -0.908889917966077 -0.554847250477269 -0.816596439019547 0.159106204839436 -0.418663527801236 0.0482831668454719 0.470779354950764 -0.015946289325042 0.0577982188675249 0.263755435285097
-108.533761329223 55.3260872818355 -139.117530765971 0.795150659484045 -0.410473765861695 -0.446370604163633 -0.345642174689148 -0.911590123345454 0.222564449306661 0.0928530744153985 0.34717079656442 0.423296943125648 -0.017464377920212 0.340409152640589 0.182598444189408
-108.704899920839 54.9336325398953 -139.408278476563 0.790697961766732 -0.415332395326971 0.449772981235975 -0.504659203246961 -0.85809829182937 0.0947966778830373 0.0194438131999814 -0.0971080230890187 0.411075569471771 0.277446019707334 -0.154871211180665 0.551764976777729
-108.705199203985 54.4513308639917 -139.54770144165 0.403262652114629 -0.182468355484406 0.896707607114098 -0.449762309686006 -0.892911410070157 0.0205688733875868 -0.251347224690521 0.118942782953067 0.386595420060161 0.046620900016984 0.0732666981446322 -0.255868614249557
-108.730655747205 53.9228600462337 -139.489768425418 -0.0293551557697941 0.333383259430956 0.942334270395025 -0.534320280260843 -0.801978038182795 0.267082504807877 -0.0721851964917593 -0.590796912594009 -0.00707399006040234 -0.359786754142445 0.0986208852243889 -0.132175952107282
-108.793961009059 53.4899928410446 -139.285638560508 -0.634639324345333 0.630677041859125 0.446631164235462 -0.654913904095195 -0.745722188683281 0.122418117646891 -0.257524709444861 0.000790288363506027 0.0748894173651347 -0.0299190376633773 0.101064037394286 0.245788721046103
-109.229101853447 53.2899482356208 -139.497415710611 0.257371471938913 -0.942752944373743 0.21207737103858 0.649252525557395 0.00615649992858337 -0.760547996885123 0.307456220067435 0.26591101687437 -0.18782626766339 0.410341425600939 -0.238967445394076 0.0609570287985528
-110.069535182868 53.8057532022552 -139.407652956665 0.476415709671928 -0.646601237486165 0.595764140628784 0.836595834038759 0.124960875611156 -0.533378092946726 -0.32603983976088 0.00766052370725305 -0.116888410074093 0.16868649548817 0.147694050326768 0.300259681402508
