t = 1
b = 30 30 30
E = -0.79738251011802 -1.12358510316547 0.326202593047453
-179.278652100343 17.2681791708931 -124.048498177922 0.873249982247876 -0.360082238052061 -0.328291410706256 0.122998521676171 -0.489024567729123 0.863554477623051 0.295707889127575 0.0382212132283164 -0.245669067369432 -0.0889719272349964 -0.316215792168089 0.112479772740804
-179.114437628849 16.8110880039614 -123.801911250969 0.896524030273749 0.370574756307087 -0.242732389947563 0.386864402636838 -0.387984203250126 0.836543000688433 -0.474719765637001 -0.362448910852103 -0.0664559514140707 -0.0129541933293119 -0.277443962918221 -0.0128958691827231
-178.705904150622 16.4636451635707 -123.448102812926 0.602860458676664 0.754068307296004 -0.260653515794243 0.603639101693542 -0.217463045460199 0.767026504604495 -0.0829146817547589 0.327196227464125 -0.109336985536628 -0.0519191562759103 -0.254768329795312 -0.0171555656047556
-178.228476127525 16.2838749805533 -123.303212492927 0.222734831983785 0.960799225478637 0.165087985452618 0.654825251743494 -0.272902642457 0.704789356771976 0.193610195558778 0.114128025034751 -0.192203665267901 0.421151031918802 0.439371711862577 -0.29486392016585
-177.79573850183 16.1777833260595 -123.031871620233 -0.226964019495957 0.913439936796599 0.337808844939359 0.663021805671946 -0.109147059929474 0.740600435128325 -0.334508912340815 -0.327426799819427 0.556262274062766 -0.3335176744165 0.253034491031138 -0.163767239202359
-177.312763971441 16.4139552430222 -122.819735715799 -0.707914709335814 0.549023721530619 0.44433063984229 0.511328252744859 -0.0356026327809948 0.858647698700667 0.17692008869926 0.0053800141578161 0.40078663473835 0.532560388891466 -0.210932664336188 0.0590633421918789
-176.951601489953 16.7352733098028 -122.504555814176 -0.833584605019888 0.142677336053992 0.533647715305119 0.552204029281984 0.190046160893041 0.811759303472746 0.392937004192603 -0.232479330374554 0.178795052972185 0.103371469096296 0.110432096069652 0.260130006497902
-176.7769767116 16.9549623654922 -122.078330644548 -0.851726319864897 -0.357123060833188 0.383438907090208 0.30300565060083 0.261331233137568 0.916457070620749 0.39794486327637 -0.100624624670096 -0.161471611104071 -0.677896120598819 -0.0453197033704872 0.238436107135178
-176.818222682537 17.2281757987549 -121.710251098025 -0.447373130909173 -0.794589212547572 0.410469566525404 0.215764300823154 0.349511791318672 0.911749567710074 -0.227337007548787 0.256827920073484 -0.28544823233301 -0.166459617818969 0.159885009903068 -0.0387034069938183
-177.063705188282 17.4119337852578 -121.255321332054 0.154621891724014 -0.944414604198963 0.290126051872977 0.393027524333169 0.328219683131141 0.858953552132962 -0.774833212199443 0.631990947085223 0.5548757322269 -0.0152200895619664 -0.0944539065857671 -0.338868632614087
-177.106258750583 17.4141916199355 -120.667315014112 0.620414060440039 -0.782747842106805 -0.0489102165753239 0.32118905219321 0.196693699269347 0.926363417573776 -0.26207081404344 0.00546126215470157 -0.224759496692585 -0.679106920129307 -0.413442770364194 -0.0877877447793403
-177.127718741639 17.2609158396952 -120.1594674624 0.86917379918268 -0.323264184788967 -0.374215410755717 0.398842181948862 0.0109030678982519 0.916954762792951 0.522936650297204 0.0175824295364272 0.394152309425752 0.576981674243715 0.541773840857679 -0.141129102895885
-176.872936225931 17.0378368894273 -119.721017266037 0.777809453813955 0.265411636509693 -0.569709677610345 0.525852528394481 0.221643854989405 0.821190063217138 -0.491867401793979 0.16095529978555 0.217798580170417 -0.0912308215235782 -0.627630484105969 -0.501181366088468
-176.463316397158 16.8645479665135 -119.417002186132 0.32515577195151 0.761692492819146 -0.560444707664879 0.561789501646779 0.321146936671645 0.762402256624337 -0.264852864969235 0.173568398919136 0.170717238162803 -0.0880557800255162 -0.789550514311963 0.0539369333368604
-175.96579517386 16.9564931474906 -119.18226300866 -0.0685934655021734 0.886103312614797 -0.458383961176091 0.720806276679099 0.361676049400209 0.591294128831219 -0.321195571499834 0.227869085372034 -0.0368517658341286 0.0621451002336424 0.0937137509758506 0.136842094283888
-175.436292060927 17.0193506261553 -119.037353722414 -0.412486810986484 0.894646916496362 -0.171643600421786 0.708784449596531 0.433554475651461 0.556466639299007 -0.337534674263411 -0.326942981009748 0.408019381234449 0.412502486509134 -0.0470482291174819 -0.514595332773312
-175.049886904738 17.3232608263807 -119.014464245907 -0.802431716732583 0.499542365945028 0.326436463354883 0.565556106994495 0.462087948268542 0.683096638775364 -0.0287217166770608 0.511717133272008 -0.677986564507539 -0.178986865191493 -0.627889256826822 0.261856627889632
-174.83698094808 17.7440011639865 -118.877700727028 -0.770773223482476 -0.0516089107024979 0.635015872477637 0.532921920795627 0.493988541515314 0.687000398243751 -0.290578772815732 -0.293869063646027 -0.184243838084691 0.286384420597286 -0.402437211135227 -0.284640077636771
-174.734723237424 18.1798933325576 -118.602296589018 -0.484437520001076 -0.642792175038153 0.593412595859682 0.534095986540574 0.31991990524063 0.782555257724384 0.0779427261668672 0.0354003427849759 0.760541856644628 -0.35984941884411 0.392951152079977 0.162259979336993
-174.849008431506 18.3381025385074 -118.071734770989 0.214127579263787 -0.948022970700173 0.235375926601366 0.474584343832766 0.311582179367102 0.823217010325753 0.296431242963343 -0.26655099310562 -0.121731390102838 0.0231280267819667 0.0718457319943678 0.678700128527915
-174.846560248057 18.2874270668134 -117.507229534228 0.78236780726741 -0.608649814363454 -0.132083373771705 0.377332293347886 0.294492218170785 0.878006078471941 0.214889939557408 -0.00823427158385224 0.0626152550548472 -0.222117417914044 0.347699409543406 -0.737533626031893
-174.631250647964 18.2517348140098 -117.054944176832 0.784485362504327 0.254760595070937 -0.565402295021481 0.472380829162366 0.345225040961599 0.810972270384714 0.197843643919442 0.114813836574463 0.0561395096131954 0.563461892234915 -0.08439281576052 0.0787644884685843
-174.307723658125 18.4750590191003 -116.565378871744 0.580815818794489 0.269922436885308 -0.76798103017196 0.653693484546766 0.407569530741952 0.637629912936879 0.447480057645338 0.561038411402698 -0.286902979181349 0.554407741307459 0.286144821519495 0.0654012356431935
-173.912884135028 19.4684607554949 -115.700695129207 0.340643836391662 0.846709262031384 -0.408711637121626 -0.923381073611246 0.383126898775629 0.0241075160709629 -0.393137607879574 -0.054779113891993 0.362698757130576 0.0568938486457786 0.444890583387368 0.0157621009896259
-174.707993609867 18.444747174495 -115.115173308546 0.0779064941236448 -0.996937567046947 0.0067871631684552 0.307706885343623 0.0305203662365971 0.950991577227112 -0.539667007016519 0.185382928136825 0.614726897771264 0.546746856164213 0.491387797657817 0.012002789931605
-174.769362071414 18.2758938907179 -114.671240651527 0.710147149094703 -0.625320138221632 -0.323520866973282 0.371912288443167 -0.0569870148612638 0.926516988426099 -0.268409657469157 -0.296150683939616 0.373548542429449 -0.506152840906543 -0.376718233332718 -0.11460852563022
-174.650709563448 17.8928109167538 -114.322379028682 0.885081514090463 0.343476183578535 -0.314093655984418 0.336824695541015 -0.00694375371793154 0.941541772179019 -0.226353151229836 0.391869237257117 -0.09558440890593 -0.546039742814726 -0.139117477705025 -0.122728360040777
-174.241923260303 17.6474059078534 -113.996235411425 0.294973961547951 0.945610076958917 -0.137156641700128 0.190888165189094 0.0823311260469206 0.978153001362562 0.639923373218378 -0.195156870299012 -0.391103287318745 0.212071001127662 0.329230438819513 -0.0172673249871513
-173.893372630868 17.6785964205587 -113.564261805529 -0.512386296763614 0.85795551568365 -0.0370488325979702 -0.0783961308829129 -0.00377007933914315 0.996915158458515 -0.0470522079561458 -0.353197899668359 -0.733609749479461 -0.17209275548233 0.14704668005682 0.236654916637931
-173.433117579251 17.9561765056523 -114.151793423779 0.70987149850869 0.577400303633158 0.403350151815224 0.685572957132025 -0.435157877008317 -0.583632883349512 -0.431888979891924 -0.444422147232209 0.213338445259086 0.503109836674791 -0.175855068120533 -0.0755787043333702
-174.823354180595 17.2035970129995 -117.737360150164 0.0384718762466013 0.97015996566022 -0.239394143136846 -0.777822418853377 -0.121321484478867 -0.61666310262 0.645960674651954 -0.107036173438262 -0.644793404811152 0.165865153201198 -0.431312641523741 -0.0436900152724071
-175.330660634407 17.4212736297983 -117.882100551039 0.499970649626402 0.635895743509857 -0.58793362967107 -0.725736593739186 -0.0628178534714598 -0.685098762072362 -0.0617013949236286 0.0673262176273174 0.318638607354492 -0.192827147486661 -0.402097964680654 -0.376647957797223
-175.722724774201 17.6718422005269 -118.120208561755 0.744602713522794 0.120203796146418 -0.656595649091952 -0.661791235511136 0.00447855210807957 -0.749674798276999 0.271894563240342 0.302620292996215 0.0171021695406992 -0.0513326888842275 0.209802720821966 0.257742305116868
-175.970487343102 17.9162799836943 -118.575551350348 0.776432380131797 -0.47990848169542 -0.408461269008054 -0.5335253469092 -0.155597951969235 -0.831348291360726 -0.116858338378845 -0.192954861210876 -0.139458490045734 0.149704482222396 0.267810349278526 -0.924627003566434
-176.072751481082 18.0196652184869 -119.118162648899 0.565622398091826 -0.819993743218644 0.0876445312562529 -0.474485288483597 -0.410522781383839 -0.778675000868471 -0.0612950188326518 -0.100520158891047 0.00869468215535472 0.767451551198214 0.163150874886 0.685489796083438
-176.085411505544 18.0319782990969 -119.624143146113 0.0860560200554664 -0.918458735315283 0.386041335785774 -0.320714355361825 -0.392391606162644 -0.862073737958621 0.012848557040234 0.141447961287629 0.584100376683046 -0.289164017268764 0.230781854203348 -0.425240993806312
-175.934059805568 17.7803374780018 -120.024508048892 -0.515765401321586 -0.704599232998873 0.487366362869847 -0.21488641393047 -0.444289751051619 -0.869730099639303 0.041442123771364 -0.0733508881591292 0.248645969947251 0.156870160843686 -0.378041212404491 0.112752863597564
-175.909830026936 17.2707649624626 -120.406000269205 -0.796984996907174 -0.206071986024323 0.567758092219621 -0.421083644334519 -0.484331992803064 -0.766884010278851 0.331083227765004 0.276949907692378 0.0389227287457183 0.133270132295377 -0.523336532609199 -0.44468135657059
-176.066621074079 16.7965363788545 -120.564041472898 -0.83855254174686 0.453690586364074 0.301652924027768 -0.528764228807296 -0.544284406887919 -0.651277878291971 0.0907828501144105 0.0845035654660486 0.150640649865407 -0.137225603012292 -0.306005574742946 -0.435795448786001
-176.377956715723 16.4085980419865 -120.73825049811 -0.552399211912079 0.833395125103547 -0.0175406993177906 -0.531698899276643 -0.368476073769781 -0.762575677272238 0.482973776129346 -0.0551009509866412 -0.0707342453269044 0.37996159142761 -0.0859079625108953 -0.711046674698187
-176.898023605361 16.2605137844323 -120.902099893495 -0.0715120152365432 0.951708739199464 -0.298557377078805 -0.560429814777507 -0.2859467016111 -0.77727273626841 0.645970897034299 0.0717165362874713 0.653922875132297 0.182764176803754 -0.361177956119761 -0.0707367431756848
-177.394522175252 16.2628038961628 -121.2580434976 0.522108751190849 0.779786263934663 -0.345450191067759 -0.433517477263389 -0.106169379703791 -0.894869074066424 0.0836444857603155 0.00430852595982961 -0.223184601557787 0.0115387465388868 0.780594410203635 0.0589641586372248
-177.729567553619 16.4819488555358 -121.598313785668 0.798980234364322 0.465471810871441 -0.38074476802603 -0.465639527552217 0.0782128460393243 -0.881511532026313 0.279863597852095 0.0999111908272174 0.311009542090051 -0.102665347847113 -0.0644904838231537 -0.157015910027156
-178.006060852045 16.74442103256 -121.94480308727 0.898894512488146 0.0745669921583762 -0.431773573877732 -0.437200339975132 0.217993088188405 -0.872545056846758 0.351209718823037 -0.240180470302503 0.235251501682313 0.299896970350087 -0.110910611473767 0.315638867601569
-178.109775699212 17.0578564867417 -122.250875965923 0.69716287736957 -0.532357836522194 -0.480165655072487 -0.333490405400661 0.352073641341764 -0.874544624692219 0.550993054541122 0.111891951624356 -0.155626517730758 -0.343406902665179 0.322434417024846 0.070674570235486
-178.06023197883 17.3281906968346 -122.635701302708 0.16467932787765 -0.919284257823523 -0.357487303673319 -0.386260208847911 0.273384003257284 -0.880945082183782 0.162309564867925 0.364641415342786 -0.451917589346719 -0.15702794869461 -0.263091907998636 0.455053853154194
-178.030117101778 17.4085237626849 -123.18384529481 -0.205138127310168 -0.978032891195944 -0.0370136793980211 -0.374641628530273 0.113404745402309 -0.920208136180301 0.118128809471108 -0.23702698494173 0.244820733975915 -0.421597847713654 -0.0417639249683708 0.218125983323667
-178.032467533851 17.3947392225653 -123.679523596197 -0.650151795349914 -0.724180296647236 0.229925076821132 -0.323278157518839 -0.010199811825561 -0.946249014113065 0.222851597068029 -0.482044913911794 0.172658758592856 0.229899147752977 0.288693359765148 -0.171494446597595
-178.040783517179 17.1456833610701 -124.141041951343 -0.917635478657592 -0.198898666200821 0.344070412695406 -0.353449730379779 0.0125959273402931 -0.935368713774894 0.200805117098759 0.0828415216106456 -0.0360022584034831 -0.25584192471609 0.351154132320748 0.657380415662778
-178.224898691915 16.8874249363777 -124.528812650615 -0.842193563970775 0.393626563978983 0.368467269830447 -0.387045364659863 0.0344117453194406 -0.921418318397992 -0.662040421203492 0.127375623966016 -0.127864875726273 0.393690924150768 0.23062313034828 0.362355916597086
-177.972637018525 16.2502302284474 -124.527184674596 -0.942493984728769 0.193676130146927 -0.272386940511833 0.0129587291989762 -0.793196517881773 -0.608827853631696 0.230489319905637 -0.212174593454625 0.306919438483662 0.548597176016279 -0.141501907972202 0.17811515190832
-147.878970571931 59.2382159693418 -111.990145867017 0.330247963484339 0.857353835024476 0.394817279489221 0.481822805071498 -0.512806852587658 0.710546209934423 0.087853735138077 -0.418226652764173 -0.0850640937663953 -0.194082814545936 0.221999250113808 0.337627290906959
-147.452762633014 59.0406684094454 -111.812240624653 -0.546360328045317 0.402961787850113 0.734242595788922 0.293072945393566 -0.729252767340028 0.61830304059195 -0.145248111539465 -0.105949537712074 -0.313849226853803 0.0108900571985757 -0.301625191317955 0.132236835383613
-147.261883401246 58.8575549421695 -111.339059144499 -0.979599998958975 0.127511584752267 0.155321079681869 0.0169313929546233 -0.717787529787603 0.696056312387171 -0.0865582232305699 -0.287349392450865 0.608712282827058 -0.00983283908795031 -0.758091533886155 0.258019302116107
-147.285655779658 58.8434127197601 -110.897282502572 -0.812839219418713 -0.514459330970731 -0.273173937541496 0.0917093581152304 -0.576158948282599 0.812176249312907 -0.265888520154512 0.295727178176009 0.332283477204555 -0.107649088521625 0.0410171603789431 0.590320065103765
-146.640998669041 58.7726328553854 -110.416218143237 0.673837408360122 -0.524086027029329 -0.520842570617195 0.736396823383548 0.418606591985487 0.531496227321432 0.18462923485913 -0.180590702967379 -0.285974214070602 -0.215943606818084 -0.0041521744220961 -0.0706009555431064
-146.333811534675 60.2174074386415 -110.003014151288 -0.0478303551496874 0.99822476635608 0.0354904629387087 -0.462093474423822 -0.0536137534034345 0.88520912011847 -0.457596503591187 0.357077018657776 0.420434047867774 -0.247803723261414 0.420785118697041 0.201026566125713
-146.484715712264 60.2581879719929 -109.545100414631 -0.33735454452357 0.8324376794629 -0.439590060283119 -0.629160227464992 0.14797896005048 0.763059391894613 -0.18991581142173 0.0593186266663386 -0.327844605402361 -0.161063567887116 -0.0963521778505902 -0.388454285299431
-146.884410644297 60.5276183635775 -109.174474413861 -0.387708292649102 0.418392748715673 -0.821358501285074 -0.742706833491703 0.385966117204114 0.547189835299513 -0.124324023772459 0.331498677984619 0.324688940281367 -0.275393645625156 0.334889224761334 0.322540213222765
-147.00753742806 61.029403718933 -109.041837382221 -0.679511629995291 -0.306509895592083 -0.666570047785882 -0.715033990370316 0.480125409512142 0.508139728574632 0.224961829773017 -0.129890556147001 -0.384595716415981 -0.130792103606776 -0.0919962392545568 0.189057612920544
-147.265500330214 61.4120330697221 -109.065586610007 -0.590498738234999 -0.786386734604187 0.181403262874291 -0.639095912950831 0.592910473926768 0.489911812429013 0.0989156213674903 -0.151915143509143 -0.338142212544829 0.197690563143405 0.0925896654870364 0.286441979324861
-147.732940750235 61.5714989318476 -109.138745986775 0.0263380691899964 -0.594230009372858 0.803863795721686 -0.696164809173564 0.566188000579905 0.441345336972836 -0.329216671879409 0.0841972361070455 0.058483893232626 -0.392535045363684 -0.316180676124868 0.131861746282036
-148.242816554911 61.5224318091382 -109.017459080416 0.498585793309273 0.122243766967971 0.858177527174677 -0.630176460487346 0.730910683460559 0.26200610956781 -0.19146739207588 -0.478075972033804 -0.524636569746109 -0.400506848531734 -0.236464641069744 0.153962074237497
-148.64315725159 61.1167593938709 -109.640065366834 0.929505942942681 -0.281101584674873 0.238747986645989 -0.366617538280539 -0.633819632335536 0.681075806567201 0.0726727819389697 0.233134397821726 0.156234043527231 -0.582866490268602 -0.575727027433289 -0.472687849562187
-148.664653771964 60.6062599476092 -109.484206522492 0.697928802087958 0.433670749050703 0.569934266941259 -0.355481646476474 -0.481076596742718 0.801372639341286 0.0989003665674191 -0.15174647955344 -0.473264758496975 -0.0270747658727129 0.287869795168467 -0.428506415003167
-149.648394794258 60.5546031901675 -109.298514666163 0.0479394860759168 -0.00311716564778781 -0.998845377900454 0.787321945805758 -0.615262111354821 0.0397075305684322 -0.226095017314368 -0.21058445168428 0.0309831947644651 -0.35022525323641 -0.425593130964013 -0.0810249399480353
-149.915393868659 60.8423917391632 -108.339591295576 0.228474165893226 -0.950944226872577 0.208577642371161 -0.147276489420821 0.178018219889528 0.972943548748458 -0.349117065025336 0.282628819682852 -0.175856811681681 0.480544255881838 -0.392975779812622 -0.193991913666835
-150.219487370314 60.7355280828623 -107.967121610328 0.923558946675285 -0.358251591662921 0.136728450174136 -0.14459967013507 0.00486672379813999 0.989478271816163 -0.711464525823088 0.144822600240145 -0.127900788506185 0.603405068907987 0.114925982560278 0.160738545169626
-150.147422053082 60.3352610860682 -107.612367852417 0.797972937961858 0.585821019643191 0.141608344474235 -0.0457822697065188 -0.175361022314596 0.983439116383572 -0.104494984911418 0.102846419200956 0.194931120355532 -0.220605750220988 0.579993701587322 0.364510375243908
-149.849850299626 60.1333776007294 -107.267681150118 0.000427045874440736 0.964961431136595 0.262391413827964 -0.180536102551222 -0.258005519065075 0.94912584403101 -0.163630176943306 -0.2266422097604 -0.019961204328844 0.0263060906954861 -0.0594742266264626 -0.187795072704923
-149.598864463195 60.0272583656692 -106.793138574984 -0.688935730932157 0.724173629658881 0.0306612581551146 -0.231197892019259 -0.259646429981733 0.937620000919131 0.16778638041913 -0.310730228443459 0.404503884202091 0.461737774610926 -0.879185590579199 -0.249554693618663
-149.637252961782 60.0789114425535 -106.3640488351 -0.968707695550547 -0.0754064751231161 -0.236472544052488 -0.196244022431733 -0.350631551627937 0.915721463471725 -0.467505445382029 0.346874565946143 0.0676497520125331 -0.296402045252626 -0.710871025271393 0.58726886618264
-150.021530444837 60.1007498408728 -105.917864771683 -0.504453606444967 -0.628759430856538 -0.591766961779406 -0.388771014313577 -0.44655678745523 0.805880967641783 -0.421038120563523 -0.0343807541121138 -0.1243767449167 0.114398470570614 0.361792373031311 0.259120085482843
-150.451860544806 59.9650347507507 -105.707967265623 0.234656412424354 -0.912545989811886 -0.334956989158871 -0.414771483263157 -0.405629133682658 0.814511892227201 -0.378300017669967 0.352317606809765 -0.0725753012971084 -0.622330299384846 -0.719183351810609 0.1710323145958
-150.663999395757 59.6211682078533 -105.096328782571 0.485317646154105 -0.672691683293172 -0.558527243345961 -0.0640533229888589 -0.6644379868794 0.744593401398197 -0.651379920680891 -0.0358341155192112 0.000984824193443291 -0.116992874073679 -0.257879727649347 -0.00960267229367338
-150.782211552689 59.2229121186523 -104.908504554792 0.988302510098306 -0.0852510062924377 -0.126453210554399 0.0576844745625067 -0.558600671044479 0.827428420893981 -0.442929587571752 0.402715312972681 0.0126049912999694 0.789883621345128 -0.0752135254009772 -0.473796243304839
-151.486711390261 58.8381697309373 -105.062282468618 -0.205279824243256 0.799761460742002 -0.564129240219364 0.969271937067791 0.0863027073208733 -0.230355713456252 -0.292968997286241 -0.220217606324868 0.222221743909431 -0.48564062225587 -0.205733860973908 -0.192124475458343
-151.331350530156 58.7520922641783 -105.473089943774 0.464479141000043 0.884888126085855 0.0351017362551299 0.772653652080724 -0.385561331833812 -0.504330044039472 0.39346343492321 0.0734590293684496 0.104415688129876 -0.202873825762644 0.306291293135135 -0.353744681052758
