t = 1
b = 30 30 30
E = -0.85453441224709 -1.12230466123964 0.267770248992547
-168.476285752793 15.9958858328032 -111.875334328227 0.102881290122798 0.689986640592817 0.716473220676187 -0.721198456367752 0.547811069784615 -0.423999785795003 -0.238862888537101 0.44558153545124 0.1682427085651 -0.128739415197805 -0.136592550671942 -0.072512755361264
-168.931234735632 16.1736798993521 -111.791571371484 0.592973461020761 0.746126943829301 0.302782196004006 -0.70322836129963 0.663027030559769 -0.256641829425628 -0.0943165392169516 0.0174683475261291 -0.355462777540515 -0.0568453487484289 -0.137345150575081 0.0232016295036514
-169.233908014372 16.4956742373011 -111.533619809877 0.661529049975625 0.679796251925129 -0.316632866119254 -0.703691216042562 0.708654846535787 0.0512540822362556 0.236388083525871 -0.047165830563892 -0.262725068847627 -0.0592019404930344 -0.324807796580782 -0.477432908382222
-169.424907442481 17.0759791141948 -111.299550940541 0.634793727143193 0.314057234247038 -0.705978029117589 -0.604334569338445 0.77112607298597 -0.200360444858143 0.242300238976348 -0.0263421908961537 -0.0950710888757192 -0.220254514308664 -0.102030791717556 -0.507373116804535
-169.471316436989 17.6528147430574 -111.288739796162 0.312994984059285 -0.156020964937892 -0.936851961866749 -0.380573026989767 0.883156139340479 -0.274225098546916 -0.381127534477494 -0.208461170188733 -0.0024248985357121 -0.188996744570531 -0.173698473885512 0.306381807467811
-169.338176045855 18.1729706290558 -111.411804208859 -0.250571496464561 -0.498794219535607 -0.829709739437458 -0.38586397673332 0.837488228832144 -0.386939863579789 -0.179884969981488 -0.646818376436929 -0.113718526973004 -0.642540702779479 0.511083948432363 0.0104990836086145
-169.292028924479 18.548065936681 -111.887356725472 -0.698201356728797 -0.65496752501533 -0.289019733992956 -0.536457174539518 0.745993626868177 -0.394597527307432 0.169348073422655 -0.252555749375056 0.168761886764209 0.421191454296167 0.226030684512153 -0.119708806077168
-169.367267885642 18.53682759913 -112.402687558574 -0.929333019814761 -0.346779946331764 0.126821950403373 -0.344521897592733 0.690803435406039 -0.635684887118073 0.290101843996223 0.220327547359136 -0.525930139462041 -0.537479645330904 -0.109216230674054 -0.145388359931307
-169.558583047446 18.6098935739503 -112.89141984139 -0.804197383955676 0.0404721709330422 0.592982774639208 -0.355529016881702 0.766754022307056 -0.534497322192621 0.219141122934079 -0.173215572238113 0.390395238772492 0.392269623902139 -0.105123463334053 0.191769043064918
-169.99711748284 18.842082908403 -113.188868415601 -0.324812643238635 0.229959176693568 0.91739605615391 -0.482878344577676 0.793715597520922 -0.369924390369072 -0.660228375832968 0.0841830271303629 0.0179307131195017 0.106490796604308 -0.110411175134657 -0.075024995606298
-170.529643636359 19.019946003503 -113.267199995377 0.283768849290487 0.58228413097617 0.761853287047893 -0.390026642215473 0.79591029807406 -0.463039972120964 0.101936803447321 -0.043939007174762 0.150210564831846 -0.243352395634166 -0.501475392195083 -0.0932363891963449
-170.883501256795 19.4941725430599 -113.26344319492 0.772372848838872 0.417713540457369 0.478493030769618 -0.34857591891907 0.9085097679389 -0.230444853076243 -0.165836002523516 0.219698598551952 0.0250554937239042 -0.24166923928407 0.401513545663848 0.0605304272631318
-171.071307261031 19.9444737922046 -113.134731817229 0.971535116096035 0.230941884977041 0.0527765474004797 -0.224013725753528 0.968080418236795 -0.11241954679011 0.424273001376374 0.0364359090789501 0.259672209890986 0.52802760412042 -0.104680264172127 -0.165329421129924
-170.998174893484 20.4437512224355 -112.915419779788 0.697601507714205 -0.0203377270978134 -0.716197258645524 -0.19585084656208 0.956114502152921 -0.217916279047229 0.0342149736365446 0.0498972364854049 0.171128369322773 0.352527645253435 -0.483384934871888 0.152086163020764
-170.758801971898 21.0452888903723 -112.924861545004 0.276300422069309 -0.291053369684212 -0.915939961329228 -0.126026389879392 0.933838626804275 -0.334757775327587 -0.10144634118775 0.0376332300807541 -0.296075298918663 0.0362666250125689 0.744076761443834 0.153388486562231
-170.493664298115 21.4166122523644 -113.131089636625 -0.3851330051241 -0.419766427114851 -0.821869037640007 -0.00558381542504473 0.891609995219941 -0.452769739966348 0.426065065419157 -0.0653474777191855 0.432937508630903 -0.222351270111384 0.109201538210693 0.488237486848525
-170.348087987415 21.7019118809465 -113.53310356418 -0.774423599548677 -0.38020676813698 -0.505678654804514 0.0325675669629938 0.774263650592076 -0.63202464584377 0.0304297871334478 -0.191520182949435 -0.113060058108085 -0.251439564088306 -0.516975730275905 -0.321984512081213
-170.204502783509 21.8401429538244 -114.007194615004 -0.998830048631016 0.0412166083195539 0.0252927885057001 0.0109206102236719 0.70176713344638 -0.71232270122943 -0.0748953735037221 -0.194814412098351 -0.358924221942623 0.0758567697034461 -0.352771360208994 0.475011741269757
-170.271538787875 21.9925984615198 -114.506490035197 -0.857511770722521 0.300728092066544 0.417416072659333 -0.151909137319643 0.627174759440756 -0.763921092207325 -0.367432216235881 -0.637818398956985 0.348241722318626 0.141138077383306 0.0594342733721022 0.150960135756711
-170.546671154479 22.195869735888 -114.964565122371 -0.463127779038843 0.411237801533536 0.785108992989135 -0.27862857398456 0.773366585066809 -0.56944731350796 -0.0493653106715692 -0.119891047398679 0.541454536443936 -0.0365512108175052 -0.462428278817328 0.191960782254801
-170.040735270539 23.288799810323 -115.338976857222 0.458508956959863 0.815212261350605 0.353834008160905 -0.158404442968647 0.466746143049207 -0.870089691006899 0.381919904027181 0.0826909446282369 0.113043860317395 0.535630110856494 0.393595952619319 0.534298044755715
-170.244646438901 23.7368703725049 -115.50508884598 0.943197172618007 0.170814983668612 -0.284958479290736 -0.329531928060042 0.371835691956172 -0.867840380816948 0.0777594824557444 -0.027990766787553 0.151228522671572 -0.178710099336075 0.404099037671325 -0.566743030525772
-170.226283276883 24.0285364644976 -115.997204879882 0.87197533060751 -0.4839256988828 -0.0739928427127838 0.0690682560924946 0.27124235710442 -0.960029770222143 -0.335753368278604 -0.510436630689136 0.247779472373036 -0.346920219470847 0.196147798937584 0.152934896028597
-170.053100579851 24.3962858838131 -116.255778935812 0.532123063357299 -0.772946823221691 -0.345540524272828 0.0932385996852425 0.459133645418781 -0.883460728710222 0.386906916924485 0.078143473665654 -0.0752166773095612 0.112072818202925 0.291107413341581 0.15201253438809
-169.715829998996 24.4770175198116 -116.661320723734 -0.606909526977794 -0.708079645383766 -0.360948807806299 -0.180433801362789 0.565051169028808 -0.805084355645388 -0.251430858247066 -0.299196161352465 -0.0565976873329103 0.140278868342687 -0.371192280034775 0.224308766507261
-168.905405805508 25.3920722688718 -116.960503526738 0.581928539172298 0.781112467351017 0.226323857879811 0.79054267116399 -0.478048496069308 -0.38276875587589 0.133583705069553 -0.177525282328772 0.514135082753022 0.129374895587116 -0.648051015752445 -0.111199877885067
-169.684848834151 24.5442661243315 -117.305418518102 -0.729427040523731 -0.656078894883041 0.193640585213529 -0.462911201291244 0.265008692612605 -0.845862644026118 -0.125384162067752 -0.110633411967816 -0.403589902088957 -0.103476132544579 -0.0253800565431999 0.191949558493181
-169.875808072671 25.5020329295859 -117.40313271171 -0.719280410766903 -0.621541038840834 -0.310358547044627 -0.586309743662167 0.782734597003744 -0.208728136915441 0.492633317901144 0.0841490224771598 -0.454694617212875 0.214690761076567 0.304343687813385 -0.0507442117696211
-170.214634975954 25.8408249790456 -117.727439209201 -0.581306315022016 -0.601225063323402 0.548280394823029 -0.650925300636488 0.747925415836408 0.130014712003044 0.364443988772044 -0.130861154056202 0.371116925571479 -0.293537973276358 -0.0904979350810017 -0.341393257824074
-170.715863030171 25.8971377003225 -117.729501455752 0.124413348355324 -0.217414168476142 0.968117967035446 -0.536690273034173 0.805906642799608 0.249956063983192 -0.276451875026381 0.175746417435811 0.150734773971022 -0.0143008598203021 0.30171565980852 -0.27211009108352
-171.082106667762 22.7504835992436 -114.045886722011 0.28965899990414 -0.540377813849255 -0.789993343056783 0.00299248149828325 -0.824862012211965 0.565326194213668 0.237443756275331 -0.049576527306873 -0.185432646189374 0.0680628801092972 0.0156002520067579 -0.2657515181445
-171.29790853938 22.2895375018027 -113.929184421811 0.822272160913522 -0.216666468358758 -0.526235816792766 0.0327623455863629 -0.905133747020586 0.423862629534797 0.335269383743421 -0.217509995037913 -0.0145268560507548 0.224737208575519 0.167325104692375 0.582006708375715
-171.404797615329 21.8489602650867 -113.990411522392 0.996985636188202 0.0426114243934532 -0.0648375488861716 0.0597289473885532 -0.954895734259289 0.290872118872311 -0.228889533957168 0.135439873595528 0.0201695916976862 -0.325345765637027 0.234789589207065 0.15297078781697
-171.286094215888 21.286574327246 -114.04677111751 0.806321626554225 0.348849984081993 0.477649581970865 0.206099651986886 -0.922652052836702 0.325938832984203 0.205446037286431 -0.628226743340489 -0.0405693940167664 -0.348597006044746 0.299365833992693 -0.525892165168287
-170.857235980477 20.9101096944156 -114.21066706428 0.105335977538341 0.375428382337937 0.920846274668666 0.297520215452676 -0.895480547285822 0.331053335324803 -0.331799281653333 0.175065477417991 -0.0353945451159871 -0.257187900266975 -0.0252097013477373 0.802340060497258
-170.47019836657 20.6388092120936 -114.041268097169 -0.323729610175547 0.322380385963238 0.889533600400672 0.40347211184843 -0.803355384027884 0.437984453963812 -0.20488523740464 0.446628666210071 0.0560274903184272 0.334124175402409 0.371043445458558 0.767171223385837
-170.132477098971 20.4198953433082 -113.72067828278 -0.761231592912301 0.0306988699781622 0.647753071265792 0.354389389480628 -0.816831537368746 0.455186115982639 0.0147744760593059 0.208422927504593 0.369210727189273 0.194696684546073 -0.289439602189742 0.39626263561473
-169.889905215305 20.0841356343979 -113.318420118759 -0.948089721312436 0.0665403956526445 0.310963432075377 0.133926468307409 -0.803365377926079 0.580230790837915 -0.665324238448129 -0.304851830658259 0.0416069173946082 -0.271788458077008 -0.26093549408794 -0.585089777216025
-169.902686372445 19.9072951899111 -112.771354090462 -0.825944370511855 -0.429691175706339 -0.364940255850022 0.139137632564573 -0.782689813953405 0.606660839627801 -0.0305853381892914 -0.156421430205047 0.156739892699742 -0.242180875352678 -0.0105797480701186 -0.408003170055869
-170.147622649592 19.6528181753943 -112.352126299087 -0.372177267339797 -0.520189280311601 -0.768691872159697 0.11486251229853 -0.847634503729239 0.517998408642494 -0.13823089093925 -0.164797750513752 0.132378237612833 0.126595785974876 -0.26102713922779 0.340062288054348
-170.412574723044 19.2108265370879 -112.107424743189 0.240409847850999 -0.377284345026691 -0.894348717254092 0.0800848468181715 -0.910520422376813 0.405634044114718 -0.205708355583639 0.0892573384561393 0.161834857729125 -0.0340772632181759 0.667419734613173 0.061790048768733
-170.556776695632 18.6312066319611 -112.109490704039 0.75713317574917 0.0202417436639655 -0.652946878385538 0.260739792808793 -0.925815331209975 0.273643441256305 0.123956711059745 -0.224498823254836 -0.0312436908925577 -0.164304111621688 0.215043086218509 -0.0509014981928049
-170.423495438197 18.1090863120716 -112.196186173872 0.910168552010458 0.400253289535026 -0.106726337647165 0.411933513263329 -0.847408632943391 0.334976699881565 -0.106746593717534 0.15416749816992 -0.120895141490046 0.147304169671332 -0.419522473734869 0.134383723785182
-170.075740281287 17.7305112530953 -112.259615645357 0.640480505417665 0.743212888285746 0.193440752857021 0.749590710150581 -0.659775141449956 0.0530144318147279 -0.126331579725388 0.174656086076867 -0.0263018805813761 -0.283400907791371 0.355046236362185 -0.0703069807253369
-169.702072233117 17.6084015481095 -112.489016225763 0.307191142928974 0.33747473319349 0.889800205755187 0.623252598009226 -0.777930540788531 0.0798766097378546 -0.420161581069171 -0.326931483633463 0.146354072353419 -0.114614437766211 -0.552371917518662 0.354774121640587
-169.220025279851 17.3540008109955 -112.42633950429 -0.18217280458361 0.344657769130309 0.920882235385318 0.687215153743604 -0.62520266230347 0.369941838014855 0.1385311437484 0.183733863872103 0.180756260896818 0.459059114949477 -0.630971888323036 0.406284493484434
-168.762497553594 17.2852174516095 -112.239596922021 -0.541506151494213 -0.192329401428544 0.818401178664879 0.685981467621757 -0.663850111361775 0.297879935082001 -0.0969137045569397 0.200386825914148 -0.211316944139251 0.197497027513007 -0.0780974368587424 -0.166966596002531
-168.415141884472 17.2214979073444 -111.938616926321 -0.728030748255039 -0.597245889692789 0.33655397314588 0.684683362538668 -0.608864615157576 0.400615243683713 0.428364425677256 0.05696251177068 -0.00377876876787036 -0.00234056350094351 0.147048436600826 0.367833756934121
-168.246738552696 17.053990307866 -111.475057701006 -0.691502567197628 -0.688771912968 -0.217755485500349 0.451219652528518 -0.647247291843352 0.61438731137084 0.340366218891943 -0.176922461319408 -0.0136257096638723 -0.0928469660619052 0.157587032286087 -0.25547412191724
-168.339901954625 16.7878439639852 -111.012930805679 -0.0583463680355074 -0.612375696480984 -0.788410874922775 0.300306540004934 -0.763942351171865 0.571146273835581 -0.251659069211946 -0.328084841788539 0.103901106065596 -0.115670882410142 0.805686400172581 -0.0599312966691332
-168.550215420312 16.3571379756586 -110.903537541031 0.812384799931591 -0.333284125908109 -0.478489945827262 0.121574206724354 -0.70572868953275 0.697973301086603 0.309888158777089 1.10528437441727 0.0284515982202645 0.0774810514206232 -0.333784994009973 -0.215907302274888
-96.9187699759178 39.3424403842913 -132.106563138992 -0.248699938727052 -0.570857501656097 -0.782476870763679 0.968409666372723 -0.13137591612468 -0.211950670530368 -0.344972754089351 -0.130731563135682 -0.426795885690556 0.332343438076515 0.158249488160799 -0.0901333903311555
-96.583082108011 39.0746496637868 -132.087979170962 -0.113167324788641 0.0484398728357721 -0.992394445429757 0.940306245098945 -0.31743274430471 -0.122721710675426 0.00837029593734206 0.00892105669728877 -0.00570394248499135 -0.251052573200828 -0.0868347074692199 0.427011587914246
-96.3468703467802 38.6610966887249 -132.281867986637 0.175221789507992 0.709373433552532 -0.682705394919 0.870973143558642 -0.434993628503904 -0.228443267269107 0.00733217167151282 0.280007010400392 0.636969187393484 0.562437725060114 0.201760848816975 -0.0149837365763977
-95.8873210794925 38.1362118266325 -132.777789330897 -0.0544691497827096 0.388929226126665 -0.919656005681724 0.762032411104666 0.611359667435989 0.213414998204361 0.36572528192635 -0.178525097068949 -0.189484861707949 -0.276722173674018 0.222407649299603 0.257834373320205
-95.4393671788467 38.1733603050072 -132.804037768572 -0.414015548457266 0.845927275117277 -0.336152005569335 0.774792886622688 0.521324476797531 0.357654543841766 -0.416633092994251 -0.370176701051586 0.0553849183706675 0.112183068371683 -0.0655897630797612 0.0998529242844489
-95.1287585862738 38.4968317919184 -133.039837061772 -0.516132049666871 0.526095184638527 0.675893160201248 0.852311587358184 0.39349987370782 0.344561761440387 0.298098057802326 -0.114198072145034 -0.0672813708740608 -0.381697966948558 0.500644634371143 -0.529010922363751
-94.703916468686 38.8813676716205 -132.841407608886 -0.56710749270013 -0.177688257243752 0.804248702181763 0.787652639606248 0.168495654059295 0.592631870459597 -0.0690244340299856 0.288115316620736 -0.0509109348558293 -0.273010140274915 0.0403893225634051 -0.512816819080674
-94.4253227790379 39.1442819830735 -132.542254410669 -0.346724143461387 -0.798883228802244 0.491495630783702 0.693471784302656 0.134495918804801 0.707818996778797 -0.170159859928254 0.110107493674933 -0.127565040001566 0.00342772586211994 -0.829283778670875 0.43473384596752
-94.4316943749945 39.2371685250424 -131.947304961553 0.309683007535801 -0.950837003633623 -0.00232967049463732 0.583345427485597 0.188056804843873 0.790153624546239 0.212840386522125 -0.342081869050919 -0.380941891902825 -0.0816040834554815 0.405622367423403 0.276527582550838
-94.4108414175481 39.2120666583188 -131.503188430909 0.880304918547918 -0.399628966478419 -0.255655900639381 0.337809345946839 0.149663075905619 0.929239371476175 0.402815988106532 -0.182601216428664 0.312350207567676 0.40599509984518 -0.204569548366501 -0.531101162636782
-94.2161809626564 38.9177435931026 -131.101518190903 0.829453315548411 0.461519486099502 -0.31465371645064 0.424060270948826 -0.153639741500939 0.892506423749618 -0.104311537227508 0.416142271172192 0.0170972620216265 0.0888765621831531 0.0889948475546533 -0.415618252499832
-93.820432915198 38.708803163281 -130.833393432724 0.362415919851033 0.912358761108095 -0.190410588119017 0.448867732104665 0.00818385594416569 0.893560733009849 0.0730621901810713 -0.000472779857035394 -0.478407237585194 0.174537181330405 0.0578827151870973 0.0289321660739673
-93.4565351099034 38.70617340571 -130.656394450576 -0.431436081783859 0.839174236247776 0.331133671729338 0.642822776195394 0.028430771252417 0.765487145320181 0.152478702334699 -0.416940272122987 0.0659825748480247 -0.260843015366148 -0.290059189276409 -0.156241034388324
-93.1114463771674 38.8775672583268 -130.253761341298 -0.902225072835891 0.246697293808408 0.353737703918989 0.311308839913285 -0.195094186969137 0.930067236495671 -0.324849134891354 -0.0886925280859365 0.0134685095373769 -0.0184141010415954 0.105892987207556 -0.320079421669452
-92.2521467154037 37.6291433408584 -129.877232169898 0.871404139336782 -0.248360250348139 -0.423050838545125 0.485223112958909 0.563291481432119 0.668775924803275 -0.265515410547261 0.0983279490761289 0.0882159712329327 0.320108598206107 -0.326697689996373 -0.0276694920439418
-91.9074791736543 37.8183570837779 -129.555968693598 0.654372214696165 0.0864242555314235 -0.75121758012541 0.655295651985859 0.430929564762409 0.620392874477221 0.235945145798034 -0.0314201725887037 -0.21921566074992 0.223867031780072 -0.432755278265074 -0.145877868302807
-91.4942188445661 37.6563356443659 -129.35289221236 0.42216334487994 0.711289586156067 -0.5620010986339 0.641785118291748 0.203330447114814 0.739438023917716 0.318100310326127 -0.0301842689082072 -0.614558329596621 0.293800439520895 0.0212335389518895 -0.161588845633679
-91.0058693092055 37.6935437930251 -129.10657817073 -0.438748121622623 0.850023323569995 -0.291479733703118 0.456971350501585 0.490347839629022 0.742116015857298 0.481585346711132 -0.101179146370373 0.0747854619461485 0.341446612691239 0.100626357747013 0.0341758953815934
-91.8930611217406 36.3962557493477 -128.658699414132 -0.546822360929179 -0.503454941856821 0.668968180938213 -0.817756305653792 0.149753421289908 -0.555741430321178 0.199043712314109 -0.134684689871377 0.1393541036112 -0.441067742041876 0.401937585645711 -0.0209546562901023
-92.1410152042623 36.1799778657168 -128.9488230991 -0.600430754829579 0.371904811387168 0.707933414892853 -0.695696484885515 0.193597154923912 -0.691756129371692 -0.382886361811073 0.244413916636466 0.143104006796334 -0.26613161921434 0.243904034285781 0.154495540251057
-92.6552275487785 35.9993357462907 -129.070679373819 -0.103087234901364 0.947768457146811 0.301840974087254 -0.633297653060595 0.171462747676311 -0.754675167729289 -0.13667264559173 0.0452997203551642 0.102572813164502 -0.521859141720263 -0.521207307978332 -0.112076856732117
-93.0977533978699 36.1233246880842 -129.356650447643 0.473462512644265 0.856354991613245 0.206129516226222 -0.546493511123382 0.469130690988037 -0.693729945348421 -0.143570534543838 0.0840479993925318 -0.0723423537822625 0.294760824008234 0.0867327592910775 0.162402765514436
-93.3949797139863 36.4387749783936 -129.658725884834 0.714976912120434 0.666934741489764 0.209776227749264 -0.485930325890721 0.68976202451271 -0.536749539282398 0.225350592499814 -0.171474257887257 0.247523211928992 -0.0345868584145587 0.392972561726589 -0.00255408797704646
-94.5720895510557 36.2724226106236 -130.492393592294 -0.824455394369758 -0.321278726020431 -0.465889775484819 -0.556357751829375 0.309384115424481 0.771198755900433 -0.574842760379472 0.0404985539382222 0.299957838400266 0.268097297704335 0.326029425715602 0.194561604942909
-95.0084133378808 36.5614985529261 -130.331417330178 -0.404680941075244 -0.914170483595386 0.0229273385597319 -0.613372016953391 0.289949670304137 0.734645463818467 -0.173394828777435 -0.0574179643081798 -0.101446252879648 -0.427573646971352 0.151328983995854 -0.194084869481476
-95.4751947832473 36.6911737771633 -130.23776188751 0.104962030989008 -0.73291602782759 0.672173391472832 -0.524933539756803 0.533241380370762 0.663399132573051 0.691462382030817 0.198155333252215 -0.819077072283684 0.148293182958795 -0.295024181454261 0.710411382386165
-95.8587009912001 36.5912614499315 -129.963445016842 0.666596107310659 -0.0648442904004278 0.742593325933341 -0.544050131400786 0.638684702438258 0.544142725205567 -0.499264782605729 0.488713812405589 0.44324208803757 0.778323072945134 0.0779735099860844 -0.5404140014819
