t = 1
b = 30 30 30
E = -0.841046960438307 -1.15138884365992 0.310341883221609
-174.109416655367 16.5476928453725 -123.048233177239 0.75739262708154 0.0685310765864236 -0.649353447657306 0.594340371756685 0.33947115062707 0.729053400233522 0.158535813532068 0.249833596668443 0.0612250844351856 1.00524587364202 0.274595476162153 0.460369140403156
-173.735976584371 16.5252805905239 -122.661842014919 0.574600863584588 0.226629426322787 -0.786430512310178 0.714781098327245 0.329082637232496 0.61708394837834 0.298201106630164 -0.406517917524338 0.0248772859062693 -0.580098614023012 -0.759520657592221 -0.735602466157151
-173.174374281002 16.486808458563 -122.520630397444 0.0980916186978234 0.763813038268734 -0.637940182863508 0.72197053692955 0.386574785926766 0.573862769912226 0.190104614300394 0.331766169750562 0.150074836821731 -0.0910570419470381 -0.588245468389903 0.429924200186455
-172.731334885396 16.4998403845252 -122.389073505562 -0.223100325926605 0.92004048927864 -0.32210517328873 0.892479574149599 0.325684770190875 0.312105174887355 0.02029394901247 0.30732029878387 0.174445519225711 0.360845350577716 -0.173342978558105 0.109657394953286
-172.273271705854 16.6499164554198 -122.542105723524 -0.502773466509423 0.832925710777431 0.231200349696987 0.849305261462506 0.426191492204859 0.311514662294249 -0.508622671123927 0.168889337511001 -0.137740187357664 -0.0458451235252778 0.144774116777045 0.0346248492483447
-171.905950387877 17.0375464539673 -122.605564173893 -0.541492036814383 0.198751417322266 0.816874683277063 0.815243233170674 0.361461498840261 0.452464424707158 0.427837328986378 -0.320600505648543 -0.35881032918446 0.125217013532808 -0.244218103183601 0.224095767429038
-171.599960083061 17.4621097621143 -122.26184407543 -0.695188043141936 -0.0660515929909885 0.715786820035015 0.634017984180748 0.412882584542854 0.653872439483875 0.664144094409495 -0.234718785459831 -0.278995117791816 0.239821587110411 0.109769818096236 0.235425747980094
-171.45698939291 17.8867999236744 -121.969887218986 -0.484762578991696 -0.572395558540984 0.661338465970242 0.452768831114269 0.482703120733364 0.749665313860584 0.224000227404429 -0.0688191152080612 -0.584753970894913 0.0673069094380228 -0.295915351571687 -0.174184258932336
-171.51632124933 18.1107858197961 -121.539089114321 0.0463425851279249 -0.875023712543327 0.481856687502157 0.406157231758266 0.457207528992204 0.79120008754 -0.188583331409701 0.223669148233799 -0.207776790663516 0.0486823068102129 0.480219974234332 0.204116887402746
-171.595695503327 18.2973796451212 -121.027391064088 0.462275999010708 -0.871197421837981 0.165275385104703 0.48870626898773 0.405833700925685 0.772311588573585 0.223034533997482 0.16359945921404 -0.0946827175293298 0.18010244142184 -0.243977557273032 -0.100426416224715
-171.532583129152 18.3579265101637 -120.515604302142 0.75630030892648 -0.605672561384523 -0.24732689118578 0.498872163765143 0.289335990475212 0.816952415282563 0.355577053587076 0.00797145506345822 0.534886653245529 -0.469575723580779 -0.213301081742857 0.44594903871871
-171.276575785571 18.1406505131045 -120.079599355388 0.793547753895894 0.0606189584321521 -0.605481051863212 0.592973880491533 0.146358678285812 0.79180876122031 -0.00505927401002122 -0.0635335408909244 0.235311319119882 0.518071471097434 -0.227069104039389 -0.138222818875337
-170.881372052675 17.9300438917971 -119.852638018676 0.496263637545137 0.654843828304165 -0.570001721560921 0.589947054146623 0.227318845312386 0.774782947585686 -0.335905059845032 -0.419661586596301 0.648715521859518 0.282646213288399 0.217957417277739 -0.367873254807758
-170.350428109476 17.9210115773862 -119.603788856049 0.0896493332903556 0.863681854556053 -0.496000656401996 0.739056008586531 0.276151266300902 0.614440147038387 -0.618996295945472 -0.261160293626097 0.418809317344708 -0.243799534385896 -0.162715891063991 -0.139748652790903
-169.889714019943 18.0177387638013 -119.50802323093 -0.532156422915934 0.845067941514289 -0.0516692923710198 0.677857773357789 0.461835849230893 0.572028397427612 0.805611542488259 -0.153247646167305 0.386696117649603 0.117785461416322 0.0994639883906789 0.40490451287381
-169.487154273459 18.351781978991 -119.280374781829 -0.840990475773584 0.536880202334408 0.0670422851600782 0.453445864431695 0.631791097997171 0.628670705951312 -0.170937926394659 -0.11435405286746 1.11699806344547 0.260784565937937 -0.138190890695887 -0.633438503023416
-169.284543322006 18.9091425054335 -119.130734101068 -0.915323459920636 0.027851810832159 0.401755199533604 0.332919886361358 0.613657390798637 0.715953180021816 -0.2182684594473 0.382536428578801 0.546317691683432 -0.0728497163005341 -0.72213876836269 0.432654839340983
-169.287422724316 19.4009921765952 -118.865883548975 -0.617519975130892 -0.610658442698743 0.495747260885107 0.16195292197701 0.518057161985121 0.839873816700479 -0.183329262505195 0.162828550902002 0.186709467285758 -0.240697267726512 0.690712555892692 -0.0162303836489988
-169.443304247568 19.7870558251653 -118.596167986602 -0.22335206837613 -0.812386824787231 0.53864784457401 -0.0371877208680325 0.559307533875964 0.828125688507626 0.234155419195535 0.322906262402676 -0.146253201870254 0.01236625835544 0.500477501188773 0.0664185176856388
-169.688758469673 19.9490749751978 -118.140359680575 0.604108671925992 -0.740045941202492 0.295609061791975 0.278364860735103 0.543545920134686 0.791878044280092 -0.120222864418038 0.237754487668262 0.183150949233864 -0.0903144049268532 0.247057780913162 -0.596963819868008
-169.825634152493 19.9496216009253 -117.662957452414 0.990878962890883 -0.0394992742814004 -0.128835896517745 0.128175107505807 0.571367080566775 0.810623711138821 -0.0878516805654455 0.365574327709548 -0.226731480507286 -0.0791502700418893 0.482847041169141 -0.413291685029675
-169.747992003673 20.1679183110473 -117.137255680884 0.717160113517905 0.392912218099892 -0.575587839036587 0.185304205245592 0.688675606500582 0.700990913300132 0.464300852182949 -0.0855444677098909 0.125580096368718 0.0329560041258745 0.449343256014145 0.438729971984815
-169.408453051964 20.1854893572844 -116.728169006124 0.205415893403195 0.744719025297842 -0.634978648536152 0.365454449919237 0.543512573531768 0.755669985805379 -0.114701410468272 -0.029132327663072 0.0997350015883532 -0.205873624190364 0.223316452910271 -0.0197508280222813
-169.392250087087 19.9269173019878 -115.35284144779 -0.739451475825539 0.563968567628135 0.367628847653312 -0.629889265335043 -0.772327192600742 -0.0821597284874824 -0.0660238520840509 -0.152131873144402 -0.308106576495899 0.338496399423284 0.0224209278604294 -0.054741703187011
-169.789201010063 19.5424204614242 -115.171764669186 -0.531652125427121 0.737915614588302 -0.415724143243561 -0.695470989970881 -0.660490568583476 -0.282970512458808 -0.173203197451313 -0.229319220959034 0.315339134895619 0.406364326971573 0.24234082607418 -0.390809087554177
-170.081840179391 18.6666546966785 -114.905165556923 -0.595899406901161 -0.799146866636215 -0.0791718535867699 -0.255961316642901 0.0955614927340919 0.961952080661436 -0.205107162063453 0.0516250144359673 -0.257910453459943 0.188900679089813 0.120619511007979 0.262214562595693
-170.570120163945 18.7349894322281 -114.657393934866 0.0576745009814677 -0.899424081908692 0.43325508977881 -0.282905237383862 0.401463773003118 0.871086370933951 0.469167131073409 -0.547548469844644 -0.598976486438973 -0.591907787631969 -0.297723559035237 0.179688796086664
-170.96062266888 18.7453125075392 -114.279892049205 0.683464771261114 -0.650870687129392 0.330519674271752 -0.295755626532238 0.1670525049277 0.940543497118503 -0.24448787180557 -0.0294757754792051 0.203280233282252 -0.11562269449871 0.030245107082791 0.530276188922615
-171.046165246742 18.3602889657313 -113.906560230769 0.850446529986943 0.176900019480581 0.495426162753782 -0.510673199396491 0.0514983364271657 0.858231207055177 -0.0967553447863843 -0.563991897162915 0.374624017018189 -0.367466580626478 -0.435330939136828 -0.1071471934044
-172.188446215138 19.198204110307 -114.013215857855 -0.763813140125362 0.584543492764302 0.273675705971035 -0.620628330292411 -0.548732587839685 -0.560100904017495 -0.0772237347218294 0.0922491294583473 0.214602103609363 -0.580322069904438 0.192216819731095 0.187583666059701
-169.174135492745 18.9719538108179 -117.776463085761 -0.544376530747143 0.799705401547051 -0.253230060435519 -0.466774435841247 -0.539613504710451 -0.700670315896992 -0.0322901142907565 0.160513858226396 -0.255228557132931 -0.467745114363463 0.042886207895697 -0.224897580289441
-169.658427246649 18.7841594620513 -117.966428897829 0.144612309125139 0.830983241597544 -0.537172348723882 -0.531593621060056 -0.392633411025074 -0.750497985736851 0.0880685762674794 -0.458055830639108 0.159301588949946 0.392479823440661 -0.211571169597243 0.122595408802376
-170.12781363846 18.7883970679603 -118.263060632701 0.549462655642446 0.698992881207496 -0.457711417899527 -0.393706679615292 -0.266579044416494 -0.879733291119696 0.0592216295364292 -0.127924735150256 0.0197151723437816 -0.086790046191551 -0.473048447802525 -0.173133774626171
-170.38596290916 18.9148635019752 -118.696361712562 0.930098363968243 -0.0259691909828726 -0.36639136788862 -0.347941727579269 -0.381930111096654 -0.856192702869425 0.0602447245696709 -0.0744160684919508 0.492831883227711 0.00665097965064 -0.580456761220044 0.0513539403259897
-170.515448090461 18.9248291135947 -119.146798674382 0.89698961673521 -0.429616823674975 -0.104110577198703 -0.260227348326564 -0.322803385993263 -0.909988846730668 0.394069889280736 0.150926508123172 -0.0449036227673426 0.0898810444512773 0.0938576453377383 0.0270895416661228
-170.415360533562 19.0595521839036 -119.636292167913 0.452380007088913 -0.885235274789695 0.108216622818535 -0.286211494120773 -0.259032770905759 -0.922488484605656 0.381191068972912 -0.0342335489316315 0.0524317128985884 0.151770385426819 0.116174779175337 -0.230454427132791
-170.302815260131 19.0143078985213 -120.173246275165 -0.0770090491628679 -0.892560747037593 0.444302733724117 -0.302106428128492 -0.403787306596449 -0.863532001210742 -0.64324547152178 -0.261985750083743 0.156878292742339 0.01393859636871 -0.520985104802952 0.0812503044145228
-170.231010275335 18.6082795818243 -120.608085973539 -0.546152331465026 -0.499017628830821 0.672829129089536 -0.374681139610123 -0.57285443271332 -0.729007436547229 -0.243812630646359 0.151337391734727 0.242891852378596 0.207951261830012 0.268619524649946 0.264610314279757
-170.339564342777 18.1001866827173 -120.801702479785 -0.770296874526978 0.183082913917694 0.610838253325195 -0.60388401807641 -0.51716111001141 -0.606521622865712 0.0653529106609135 0.304907496928545 -0.0953919366913853 -0.232122397432733 0.149190441915804 0.34176770695442
-170.621929854304 17.6077718021457 -120.881315021993 -0.717282068058083 0.629440276402408 0.298850084966993 -0.681859055216948 -0.545787408263296 -0.487015742866577 -0.226015735185879 -0.140856438311754 0.0460105992528882 0.189059893487122 0.196616597882404 -0.181959136868827
-171.055417896035 17.2618922287936 -120.85273819452 -0.446873493353955 0.881130469503754 -0.154638858795993 -0.668045891718485 -0.443650060078155 -0.597402134872905 -0.118218999514804 0.0612400536961502 0.545697802378899 -0.25292976103062 0.312214378973895 -0.608674593800825
-171.553214202456 17.0807509439001 -120.912413411496 0.0331883850425107 0.849432687390637 -0.526652295818209 -0.682337338743401 -0.365772499955649 -0.632950420201114 0.267517392157182 0.479223487286155 -0.0485840940864715 0.182780271860522 0.176483747204369 -0.578013622105837
-172.009158552421 17.0910775430762 -121.18649787653 0.322708970941463 0.744189302843644 -0.584842886258347 -0.742009747896299 -0.184692584958495 -0.644445640134386 0.789820840623946 0.0745525512568545 0.265942405308187 -0.142107808115003 0.454802045862179 -0.01498034981691
-172.418904444111 17.2776219666965 -121.409889879111 0.654962858259649 0.191407007046865 -0.731017791817485 -0.689368680106206 -0.24488066513709 -0.681765562881144 -0.270077584250374 -0.0728551854762015 0.0182242448733983 0.368944535763068 -0.104612567741547 -0.0130037039501791
-172.713416354624 17.4233611017527 -121.819053234945 0.766891937986258 -0.428538438841598 -0.477735870420975 -0.573640801903438 -0.123929360029339 -0.809677555644405 -0.557952804299978 0.184356134169087 -0.0683491914516917 -0.049941671809292 -0.404018451217711 0.111091808858335
-172.848340539962 17.6644948638583 -122.298567530465 0.468517481813587 -0.875678208475181 -0.116957447119685 -0.498097906803679 -0.152489633164235 -0.853607279148456 0.226879432848524 -0.540308783789875 -0.227479216796778 -0.176448148606907 -0.0220961763480324 -0.581725802055267
-173.003985984687 17.6032610855797 -122.839634507969 0.12387953639614 -0.937481402333899 0.325242187823693 -0.601174633496536 -0.331671995802276 -0.72703696415027 -0.527636087057522 -0.44815901185603 0.419880829971855 0.0867104420335616 -0.0983248151536787 -0.101407016423583
-173.046363329874 17.3929738624511 -123.279797169511 -0.139706750462988 -0.780228807042518 0.609692572150983 -0.497998128520511 -0.476828955884282 -0.724314856136732 -0.203568472015537 -0.0427593101458623 -0.480630306773301 -0.217261795273377 0.172927412719165 -0.57101787947651
-173.095096646049 16.9540190845911 -123.549331994495 -0.542831255991962 -0.386106676650095 0.745825624234249 -0.387043699281447 -0.67311737854739 -0.630166779149792 0.190522975511017 0.149468634156496 -0.157546891075338 -0.816013516894453 -0.0351889515169373 0.128111357139654
-173.187865662567 16.4951649497318 -123.837942077074 -0.749430892518497 0.116987719200962 0.651664952943677 -0.509909522837868 -0.729800417281948 -0.455393927775011 -0.178554615274999 0.525095772405552 -0.201028620233992 -0.273984751203971 0.285046883163924 0.145049666446162
-173.708582371835 15.7170088249198 -124.303861875738 0.436812120095724 -0.898401770864227 -0.0454909864203763 -0.626280275835422 -0.340026546140627 0.701537571352513 -0.0493860466962378 -0.0382008215797156 -0.273268012802088 -0.0953700248046962 0.205663500428105 0.0604976148293316
-146.548377719645 91.6404021854811 -100.043085049002 -0.448744352349538 -0.544275701391589 -0.708796492026511 0.353091857725024 -0.836589254376149 0.418861026440335 -0.259614820266509 -0.37017012781326 -0.409464674897823 -0.0089730745717419 -0.19624551323197 -0.347159084590453
-146.664491522103 91.1486809938409 -99.8617374907444 0.135760614857315 -0.177088818926276 -0.974786441055096 0.470516374531764 -0.854335853960671 0.220736471691416 0.454616597479239 -0.0634654206395549 -0.344261892359263 0.280468916747871 0.290540881831368 0.613848953233056
-146.635839544822 90.6984774623917 -99.9929143415453 0.568449126305926 0.270093413958902 -0.777119771037937 0.420538674636302 -0.90724192215554 -0.00770180619491201 0.107500405117045 -0.320914417417771 -0.12396123314609 0.159032813636898 0.395611001435196 -0.169244367353443
-146.564655732575 90.2545291679556 -100.24964918392 0.84852157660636 0.490691524625256 0.198073122089798 0.404667368978739 -0.842908518654097 0.354611829560412 -0.245681196501187 0.0773144678399481 -0.0376300509979102 -0.36670182929761 0.124745672550576 -0.214530310703184
-145.95706295675 89.5675746231327 -99.6583306116892 0.0125567647687963 -0.932640302378077 -0.360588954404695 0.46439125760156 0.324806022401285 -0.823918568594674 0.351923116131921 -0.0772108964301627 0.253757126145746 -0.0278700672505313 0.183546674470783 -0.468671466796517
-145.543057182809 89.5986485021421 -99.9395183682348 -0.642811077495464 -0.579424574573748 -0.501059957519208 0.34343116847952 0.366694242500092 -0.86463308115875 0.135573040224678 0.480934037589932 0.208715627938534 0.522748128710628 -0.00773050305270089 0.101269598207926
-145.328016342591 89.5016622883002 -100.292523355636 -0.926490293834535 0.251673050198057 -0.279779218732205 0.365024148649053 0.420239572193781 -0.830756325805239 0.246723480943106 0.867322020572865 -0.0440261190007774 -0.62507128216895 -0.0417073758800799 0.163331755046361
-145.3303725849 89.5726965131577 -100.802176895441 -0.67317060726036 0.732736669957617 0.0996910528590207 0.21614159955124 0.323886053519976 -0.921075802135029 0.294718619682845 0.10774320708145 -0.5598047250154 -0.130028614369867 -0.170285846684272 -0.338092860930004
-145.557122447546 89.5942930292285 -101.266729089081 -0.0147321079031874 0.96531038987473 0.260689117909871 0.113226059001689 0.260650982633044 -0.958770527715248 -0.27162205618362 0.337359451297114 -0.38574170724837 0.49295696594232 -0.143089002724689 -0.375820618392711
-144.910367755666 89.1486056163099 -101.92936754898 0.0987473129180935 -0.988124258712442 0.117726027434225 0.340196404611681 -0.0776547957369458 -0.937142539312104 -0.0923107064775995 -0.0394490720090147 -0.157826162773679 -0.218001486850419 0.0282383187562492 0.304433059934699
-144.476063118603 88.9674196275917 -102.198761098868 -0.58408923988323 -0.810323732997321 -0.0470659919041045 0.27034548161027 -0.139537970088022 -0.952597751139811 0.0651403332015227 0.413893723992697 0.0611263814343963 -0.426018737587883 0.1369043979938 -0.212789857257003
-144.215332373362 88.6865776066292 -102.356966331847 -0.716239837946497 -0.0080085723982866 -0.697808252535406 0.694905561363971 -0.100008815804019 -0.712112700032025 0.250362906989519 -0.394292782202084 0.0858290850300213 0.209254412841957 0.157919232892589 0.51839965087814
-144.095206117661 88.3327349013282 -102.733474703292 -0.366846959514148 0.79811374412278 -0.477951629077191 0.694507798544597 -0.106860724828368 -0.711505237682684 -0.198191131536189 0.0512988034339416 0.13627326740073 0.0395876341019164 -0.0405359374837862 -0.717674353693948
-143.929959286711 88.276772607153 -103.270158246594 -0.0680949034707555 0.993149351237503 0.094960256201405 0.473067740279411 0.115942628712707 -0.8733637386302 -0.0825973535317811 0.321583030418561 0.438640450288952 -0.482146375661269 -0.0484112221978152 -0.265193350439414
-143.923287080639 88.5047195360291 -103.6585560539 0.622228084674201 0.507818252431496 0.595779181526257 0.693051233045751 -0.00344727884835348 -0.72088009033563 -0.1264516946235 0.232192588997112 -0.119340147176325 -0.643879766994073 0.124359602322221 0.819364085024755
-143.617567975467 88.6730064433191 -104.072141989618 0.533472669306868 0.245644334368168 0.809361335928166 0.771157691880404 0.251825937950992 -0.584721738289925 -0.434214389398388 0.313448209558389 0.393600449096967 -0.343230663862744 0.176630418173439 0.290615644485052
-143.325229713989 88.9663878286377 -104.231689640533 0.513275570512827 -0.616089262713315 0.597479881740041 0.827739033008869 0.171472054671915 -0.534270930989262 -0.548158381300391 -0.00592679995792102 -0.0633120968830862 -0.412263841247517 -0.361138260368446 -0.320080447538104
-142.825152642487 89.0390679046771 -104.041484250567 0.191889735680944 -0.947655157671055 -0.255201942546972 0.801496958982677 0.301386062286579 -0.516496917900691 -0.794863609304384 -0.0728023646395074 0.0344786157509919 -0.083213901371991 0.244179128088189 0.368517560730597
-142.351467067555 89.0546618416122 -104.117270198598 -0.382656702322511 -0.573062288521601 -0.724688527328843 0.715915889874338 0.311884775376163 -0.624653764507984 0.158494542684761 0.215718646942418 0.235412316208752 0.0759171757635935 0.0386628658969616 0.09760392591043
-141.933533725011 89.0338763158393 -104.351368427808 -0.642356039093699 -0.111423079033049 -0.758263553455294 0.740925840459724 0.162710940004249 -0.651578121902496 -0.213249076178278 0.263831960343117 -0.349211929719834 -0.0819435058749246 -0.203517639685838 0.927149838257181
-141.648516887714 88.720105607904 -104.549483259174 -0.320427316408524 0.68780824922283 -0.651341805199281 0.89047560586658 -0.0158026724792774 -0.454756496269223 -0.433377365298128 -0.184544430107917 0.26044996273051 0.754188381395922 -0.184073670512416 -0.396388554895121
-141.415317819692 88.5964678606749 -104.929349613153 -0.0358481666656884 0.967644002416213 -0.249759871746126 0.799786605660782 -0.122073044134218 -0.587741063140402 -0.280686381993672 -0.0851415558747946 0.084252762910915 -0.324642966564472 0.402860793010278 0.0975346533626457
-141.190518143892 88.6273682567257 -105.417091944171 0.300992899675412 0.828268431016364 0.472625306693025 0.862875334408508 -0.0255372353317291 -0.504771242129557 0.21080630773982 0.0148764397776168 -0.390560745142919 -0.501866469463948 -0.706084053781787 -0.257438679796102
-140.763494826892 88.8258869398279 -105.664983325109 0.0944998646794833 0.380914950028178 0.919768218857659 0.989284827579495 0.0673511066958206 -0.129535162592466 -0.0261824380970679 0.578095884750109 -0.198636176073474 -0.187909687767978 -0.190739159871696 -0.0314066680569757
-140.31985139162 89.1593616985085 -105.64618180542 0.268544500980589 -0.479038548723289 0.835706838448849 0.963043117600423 0.114802089793864 -0.24365638473354 -0.0313873222027048 0.0596988794953337 0.0286712924477084 0.0278060307763091 -0.117351525562156 -0.129592985457402
-139.949704187376 89.3865865909818 -105.502209219469 0.131711958366836 -0.990357323005696 0.0429456958514488 0.744482128655525 0.0702209828078634 -0.663939284638314 -0.388006928126095 -0.21487213286564 -0.174901984389766 -0.0129461877833415 -0.0893611362663734 -0.392052070945591
-139.443810065533 89.2547411816865 -105.726026266672 -0.653125555169513 -0.733712256710242 -0.187332147635371 0.348460479697856 -0.0715678471106439 -0.934587255075035 -0.575815611610004 0.406537855262891 -0.250782088738827 0.741258767209486 -0.187828329899001 -0.273819459437127
