t = 1
b = 30 30 30
E = -0.930837022558964 -1.17093596928091 0.24009894672195
-170.697769978056 19.6956401913798 -118.508304382355 0.0557205950006665 -0.54838824408503 -0.834365357048163 0.412975462123347 0.773488770932802 -0.480797659025988 -0.383126561699384 0.0749185174535494 0.287061799045748 0.00107418525675652 -0.0317214437604413 -0.365654688461085
-170.254561841426 19.8679709022667 -118.771513636098 -0.56988759222919 -0.367221390136535 -0.735103110352151 0.420189321718339 0.638553125839472 -0.644740908733518 0.498293312953411 -0.0947072896589937 -0.123897828030807 0.460080295898429 -0.128968438577841 0.131407462056247
-169.930458200027 19.9584715400298 -119.226766397268 -0.907686574034294 -0.0730484799516805 -0.413242063317174 0.263094343998587 0.668116787067136 -0.695989457531535 -0.0119271084199202 -0.12599343487951 0.00130638697477178 0.30732741236656 0.34254121691132 0.18795461892472
-169.769172387832 19.9483772676948 -119.681726851435 -0.890843670550885 0.452565614994249 -0.0397733423828746 0.403702518925324 0.748414296992817 -0.526213185192179 0.443384717106817 -0.161698177005816 0.29669149840967 -0.17414300822657 0.519774300834773 0.201705921429133
-169.804347365057 20.1753240950661 -120.150779264029 -0.621840650232273 0.629489168461242 0.465894400598118 0.316300291258384 0.746098411306605 -0.585910647108945 -0.0954655055198881 -0.137171615506068 -0.232616686778918 -0.311469931281667 0.117368866080314 0.459919952038792
-170.010214532254 20.4425492599376 -120.574729408524 -0.073254375655493 0.691031568856527 0.719103029677258 0.183970520033096 0.718029423647264 -0.671258962350248 0.109357498575689 -0.0715765039000267 -0.272695046234814 0.402411585076779 -0.221299294313912 0.194672213043627
-170.139765793763 20.8506866531605 -120.829518675836 0.535850503598371 0.415983870934034 0.734725565715601 0.0971988780560759 0.83402658999232 -0.543094858464361 0.290927303759173 0.179305954640267 0.139341800211924 -0.0538946138146313 0.120125701540343 0.408964387681293
-170.151690174823 21.3814067554346 -120.886864633796 0.862645503325157 0.00127059586821116 0.505807395338409 0.23112468997451 0.888504200430747 -0.396410978027987 0.233465339479422 -0.274946027309753 0.0533043365014342 -0.0642357874673246 0.125866667743561 -0.132538620408832
-170.005439048766 21.9827738556424 -120.758339300723 0.899579115482773 -0.375706485593718 0.222715180600807 0.429579071530035 0.853188037705874 -0.295858063298931 -0.349166552422721 0.734772115455656 0.311372292112916 -0.365855263132331 -0.0622007503688133 -0.201053739055457
-169.674363560508 22.3659694224108 -120.690976735271 0.640046647716129 -0.600359288268106 -0.479488283211965 0.562726510186996 0.791193387840892 -0.239482562558562 -0.372149976662465 0.0265995022971529 -0.509494083426197 0.0973771387155568 0.290319291250747 -0.127581160767493
-169.271680092457 22.6300826059127 -120.6222819564 0.252940850476908 -0.446212024246494 -0.858437974217046 0.589305557569272 0.774754383433895 -0.22907336197807 -0.203148980606978 0.28080449176441 0.348491050804818 -0.393848518678069 -0.132430772463849 0.0504570187495772
-168.799540025481 22.8532311097422 -120.644908558066 -0.302732711350081 -0.248028758978031 -0.920236187181555 0.634513533418527 0.668011113123743 -0.388784938818255 0.16800535579084 0.473513097514465 -0.212431980192673 0.219760976018902 -0.27543575108818 -0.307433459026701
-168.336499003647 22.9718757449082 -120.929488143559 -0.747582318118034 0.0635758374966708 -0.661119346656762 0.563705397813134 0.587121773474079 -0.580968370558147 -0.802519874172947 -0.0229181767524056 0.0225524893164693 0.649430834065249 -0.0713723226077042 0.117860185299897
-168.07984239686 23.0888936637298 -121.339578351897 -0.909508687185815 0.357520936222188 -0.212067744120471 0.413481627343159 0.725644198081566 -0.549975855506597 -0.0884856573975835 0.106207837726144 -0.138774900812693 -0.104086883846657 0.196832903616573 0.109406059188623
-168.071181985156 23.3431329565629 -121.840936428853 -0.768950693838563 0.535209252647828 0.349665391946849 0.273794836074909 0.769940368356482 -0.576392415732369 -0.0576163056831102 0.174517426728728 -0.311280619802113 -0.291185697247831 -0.0311798184274937 -0.303026803341085
-168.194519349472 23.7580347783957 -122.241922286349 -0.377822335608927 0.425910448229098 0.822101315413316 0.0712594700057155 0.898658035711469 -0.432823084857669 0.186041728740918 -0.412465648539211 -0.338137502210866 0.146962861876076 -0.251324688313168 0.172068396961051
-168.429034740614 24.1494811688394 -122.457996611498 0.193284377170057 0.472421307383315 0.859918169288348 -0.0917803917167366 0.881308241620589 -0.46354303246619 0.16704526710939 0.252151098575735 -0.239379117181745 -0.163752577971793 -0.0130004299067683 -0.0987110690845672
-168.707278126885 24.621099075496 -122.499610167423 0.705427810979107 0.182484176037215 0.684887676187304 0.0509370077153514 0.950737719487588 -0.305782945875909 0.0504547570512329 0.0433572106617675 0.0878608516107835 -0.526578117849123 0.0762501569565746 0.395970570464185
-168.883598673832 25.1121696229251 -122.379707791625 0.973621220246554 -0.0456901286178588 0.223548946838256 0.136412771972605 0.901928272105396 -0.409776704584001 -0.181928930303776 0.0194636221028233 0.144118719136497 -0.0163714272037048 0.0783716660091576 -0.222206318751163
-168.896706230642 25.6868330738209 -122.314392851591 0.912162066612741 -0.287621176799995 -0.291949349869049 0.156304960673004 0.902673831740679 -0.400934798638896 0.242343685318453 -0.0184730787235018 -0.248550680020535 0.216773972449828 -0.209324478084278 -0.160481031816476
-168.614342184225 26.1069056972409 -122.24149032913 0.357863121598989 -0.345062901391825 -0.867678270030132 -0.0557666992155159 0.919660106468447 -0.388735596297854 0.357719247133849 0.176908175646709 0.033438913643209 0.439992488610692 -0.0651551861296875 -0.45150451140373
-168.389194498012 26.5218582346757 -122.485224710822 -0.41590177621565 -0.44812651877569 -0.791333264630426 -0.267603908054708 0.891941843506271 -0.364455616222993 -0.0456569685993026 -0.481723018674219 -0.479398935287703 0.610124707666951 -0.150599653910627 -0.246367189186084
-168.402077464198 26.9748773796815 -122.701337736162 -0.70774016077078 -0.505216032729681 -0.493822463143418 -0.241071643180343 0.829747986703869 -0.50339124090036 -0.00590338533970302 -0.0353774373126449 -0.0271202175305664 0.276569729915966 0.0252170940434625 0.331771112620126
-168.81956871402 27.918598102455 -122.902247692843 -0.0546343650866151 0.811182135243077 0.582235888291047 0.993621333544993 -0.0134416961568808 0.111964129651842 0.00455510214042606 -0.114441390384926 -0.219935331048443 -0.334533301161006 0.440261751916488 0.813486649791561
-168.33575644977 28.1240670232792 -122.98412156764 -0.124579961515435 -0.0847957257365722 0.988579545654077 0.959495566592888 -0.264029808982376 0.0982675819246782 0.02983734331929 0.0379232151350862 0.0281233875956675 -0.702581160965328 -0.316596025755722 -0.409286392328651
-168.561876384093 28.5708062101186 -123.266400043965 0.884093076287723 -0.254792074108408 0.391740260161813 0.4546404137541 0.662846217346062 -0.594926034336637 0.0155209740877329 -0.0853354501470434 -0.16510763551574 -0.193347226173442 -0.158084454681155 -0.0820599267217882
-168.265963158401 28.9826063813495 -123.218196488425 0.666226494701089 -0.666412697352219 -0.334718351104387 0.514167451623428 0.735572308533371 -0.44109546654886 -0.162755074033829 -0.959238022299099 0.0780088231472128 -0.02872422685352 -0.304942212881989 0.101375781359679
-169.418135324248 30.1844432878595 -123.139787772279 0.132864618590602 0.921770575393029 0.36426089478062 0.499461071229805 0.255174411939212 -0.827903773283739 -0.0341868505408597 -0.422350801857245 -0.147126564924943 -0.217151765409274 -0.0577029912502989 0.241126631852619
-169.482724663144 30.4663583595373 -123.529358208919 0.821358343320441 0.23102040430047 0.521536235226996 0.507880775202089 0.120034684246985 -0.853023324861549 -0.301080566081263 -0.0923945641830241 0.603700476532445 -0.423577856923067 0.00765896542703951 0.468082317352475
-169.208958801606 30.7578414455264 -123.797495470617 0.545751727207357 -0.8168132815507 0.187005655883888 0.480961140059823 0.12259909345729 -0.868127780937694 -0.337831280405713 -0.269288300133128 0.248998411927508 -0.189581553500275 0.546939834120808 0.482904338109187
-167.754864874549 25.3458735531242 -122.548121367823 -0.899954291596174 0.317442877765809 0.298851622704964 -0.121398578574936 -0.840811149587486 0.527540515836798 0.0108176819279725 -0.114295515250772 0.0188586722656732 -0.221788056373221 0.200406692369167 -0.542307232974141
-167.777442158191 25.149172468499 -122.117545154639 -0.979066307333704 0.0144301597020909 -0.203029397711063 -0.133948604840123 -0.796723807957488 0.589312264504231 -0.331414845814556 -0.393169737523102 -0.452750384447967 0.215625935804447 0.0927386381726623 -0.0323420305211157
-167.981807829837 24.972659296336 -121.623473196515 -0.687127504714652 -0.318501193483767 -0.653002895869561 -0.214738713898483 -0.769601511184701 0.601332519273198 0.178136080725531 0.411152373234185 0.67556022823472 0.100549227894307 0.330115400154821 -0.630167958627819
-168.30443330999 24.6050989043538 -121.405612149164 -0.126417877612279 -0.342018453985194 -0.931150845649396 -0.444058066817418 -0.819866143950029 0.36143040726935 0.414607614554714 0.0257421122437071 -0.171564348840548 0.0413730845222661 0.252891277863058 0.222371142972925
-168.702138815122 24.2922562849474 -121.304112360784 0.42778791314227 -0.420631674125032 -0.800041558978129 -0.523538581780556 -0.836836554515249 0.160037290698926 0.00205901334532815 0.0426458675776433 -0.373768073209448 0.0632222903768803 -0.0203482103303408 0.268321352009466
-169.048822526161 23.861207743538 -121.406541653132 0.824945502911224 -0.371920926347166 -0.425605147726872 -0.311934394506095 -0.92752259720687 0.205909604425673 -0.224069358381989 0.130004507402147 0.272485356024954 0.569313991915732 -0.135084198874684 0.196365442621307
-169.172252401327 23.4769216445939 -121.616484060236 0.898308839173473 -0.345817488986247 0.271019360515178 -0.394142653194416 -0.906843517775786 0.149286312838472 0.205189602769132 0.164803844073355 -0.500465631530199 -0.451296279102495 -0.571644648889549 -0.343988651657672
-169.183642225434 22.949880210485 -121.738512422842 0.722740990389155 0.0992274005533665 0.683958612629978 -0.242048279844345 -0.890618464328345 0.384982312868803 -0.289295880144843 -0.242562431303136 0.324622739562063 0.125205206827714 0.0438603731097892 -0.0675981781082424
-169.090025359376 22.4261426130133 -121.691159713307 0.27658005479989 0.41636700717204 0.866107377076012 -0.258868759372606 -0.835669160578594 0.484400680716653 0.0503336672731938 0.057824093719611 0.252189286751311 0.506939035381947 0.126101660222455 0.127621772558306
-168.852105231958 22.0238437467986 -121.519246921595 -0.496500348229142 0.522899508256174 0.692866154804658 -0.263633594850239 -0.851332285348106 0.453575426572376 0.378380127238494 0.337611918816852 -0.135768589934592 -0.451123796308179 -0.355028351986264 -0.0114484366802815
-168.834313846721 21.6472316350192 -121.168804351214 -0.793130049736033 0.532226994447489 0.296106654074355 -0.265792269704031 -0.739902068883694 0.617980095008899 -0.358653485965877 0.449922278661933 -0.147868863492707 -0.0453897501094686 0.0626179826921193 -0.275760296751857
-168.913672129081 21.5440493990567 -120.64033885858 -0.946435373602268 0.206433359596892 -0.248284819592088 -0.313306339002674 -0.77309466256112 0.551510453808673 0.1522293624162 -0.470439621733195 0.0267841334483162 -0.336156384990135 -0.19653057695732 0.0838389864923143
-169.174764320218 21.4921627976906 -120.243231030973 -0.764238054914359 -0.206689417501775 -0.610917081209467 -0.384431444725903 -0.614581706098212 0.688840903863415 0.688231953311389 -0.14933039605168 -0.398418975852628 -0.130314681855084 0.688827086480916 0.15310607389986
-169.577807693443 21.3475028094506 -119.907940426029 -0.457179583315986 -0.399057681732992 -0.794820605702262 -0.503673881120292 -0.620387562675233 0.601192060455813 -0.586678540979949 0.1854396118396 0.367521733167451 0.3698026048261 0.00779657071758018 0.117068711999998
-169.959593020426 21.0422043058191 -119.545249313244 -0.166759780636166 -0.3171631229097 -0.933594520671766 -0.5389175222106 -0.76358800012622 0.355670170688559 0.411122165107589 0.0153785741415405 0.00396221832352771 0.210669493574538 -0.361920451693602 0.209587511471672
-170.521990118949 20.8923094283499 -119.578558705417 0.547793961470424 -0.623487405289814 -0.557839789923161 -0.527541735036839 -0.77493901024818 0.348093734775411 -0.162205400093688 -0.0221570805772903 -0.358610031911467 0.280699067087425 -0.0129729772511744 0.251625082576422
-170.838795844033 20.5654398402006 -119.707683476135 0.856615293943982 -0.50948612004446 0.0814501790256206 -0.500185700350087 -0.781289401906842 0.373364614865069 0.189906331696108 -0.092165567310667 -0.432982362681339 0.0777346144490872 0.156035403308965 -0.304071313014185
-171.04734202511 20.0270471970299 -119.684393257477 0.944282663919501 -0.108496600838263 0.310739019480389 -0.213001390707597 -0.921190719603251 0.325634865567978 -0.0726837999423887 0.100329592511058 0.34900993763432 0.659090354339747 -0.364400387193871 0.192771596115808
-170.888387956031 19.5073664583493 -119.717864063938 0.486804636789576 0.226011508170375 0.843765396170478 -0.113971489395079 -0.941255830074307 0.317880420844373 -0.0955194680183337 0.0363520929216066 -0.384111614415871 -0.0696654166732498 -0.441948482067241 0.218052170452154
-170.662558116098 19.0740625880747 -119.501051774442 -0.0395043368713241 0.486647380992067 0.872704837812831 -0.0816916471636131 -0.872035822338276 0.482576418137588 -0.098743343406255 0.140837983462433 -0.0116742856470967 -0.322830895383537 -0.202252454001451 -0.134654581721083
-170.425853780687 18.736554595538 -119.160653895153 -0.69322096944411 0.486220631224934 0.532009572558799 -0.21829509208491 -0.845133667063209 0.487951163097226 -0.119094433021127 0.11423323002076 0.167817347425124 -0.15979868273757 -0.115107289157851 0.41346881319214
-156.716187473878 67.7014052200567 -83.8414134899784 -0.150523583785435 0.988391502251545 0.0206128358389212 -0.0400391402288283 0.0147383208823051 -0.999089409986567 -0.329183942415379 0.133617881962265 -0.277208299568994 0.0775439935261225 -0.274239032801394 0.392896774416493
-156.947563592284 67.8192266896939 -84.251051488987 0.802252206909151 0.592421917579675 -0.0736727091983078 0.149432986703034 -0.318758128844513 -0.935982391811169 0.0842249843964439 0.454394291776977 0.21106604632682 -0.280492135018167 -0.187171648979653 0.210096452196347
-156.846516700669 67.9135537884605 -84.736768291056 0.946881576641161 0.00100308517660088 0.321580897501201 0.306537342896782 -0.305105911201817 -0.90163475995521 -0.280549809342159 -0.0732741625821502 -0.0654746975555501 0.135732452423585 -0.28447814175896 -0.254455590976962
-156.743206266781 67.9257080255251 -85.1806046900062 0.605889460736645 -0.522080756013488 0.600274641783779 0.503511066827351 -0.3325295183387 -0.797433837390799 -0.0222509859935218 -0.231577191864209 0.0172518363704704 -0.424081506021286 -0.243136962048993 0.0918241242733529
-156.239652605348 67.7693711537024 -85.3704478185158 -0.146468168127954 -0.885617486368983 0.440713902166389 0.590357941783814 -0.435738651693952 -0.679418374782957 -0.172295483313766 -0.125583355933645 0.186670148191548 0.333734120123979 -0.121700657811913 -0.474332315750304
-155.805770571807 67.5671508240077 -85.4653265742462 -0.716550677882257 -0.691453533307408 0.0919083092172791 0.437605154943088 -0.548222166178315 -0.712709046440405 -0.183697304736807 -0.21719086513702 -0.786103500258951 0.442712232658639 0.0999105380631398 0.322433203332227
-155.5468350092 67.1597154779293 -85.5189786337509 -0.812104542663382 -0.0952654202178524 -0.575682821956862 0.48932057673472 -0.64865504750284 -0.582933960696312 -0.202080429404574 0.423894157175007 -0.0898804973333431 0.0504305357984521 0.160818558921842 -0.398337877244756
-155.575662717461 66.7068333352072 -85.8086831967496 -0.154882577778821 0.698233680563107 -0.698914239680295 0.366544616991667 -0.616342258938504 -0.696970059328961 0.0826707701186051 -0.0400333681521078 0.148966424322928 0.0139992490398151 -0.021740606133158 0.0679895986881631
-155.524271424851 66.4007934218715 -86.2556807244158 0.471189332052276 0.80649585827473 -0.357134489997586 0.237617939068757 -0.505996855655427 -0.829159150645723 -0.0248038288351407 0.157098189555027 -0.375113572540895 0.00429943502902335 0.379837518987576 -0.176699106241108
-155.598088494318 66.3054393794526 -86.7069994486142 0.931694638665591 0.328597439276828 0.154818678403172 0.29189564548935 -0.423607402661753 -0.857527667515468 0.147240980635638 0.488271453653606 0.25436382563235 0.522181952917419 0.231209617185913 -0.00477505994911034
-155.274528069044 66.3036637674506 -87.1549237138108 0.748556728689282 0.00403242354429067 0.663058491759483 0.522927854090209 -0.618426784409477 -0.586595918619932 0.0492993698893921 -0.229413530670572 0.173015802774564 0.187298317299993 0.179812875662892 0.284167228989031
-154.895828908807 66.3519496079307 -87.4680116733792 0.256904786047271 -0.684892807245216 0.681851723976535 0.367082617486824 -0.583503125718556 -0.724413179211765 -0.417501245466575 -0.0651623862016075 -0.537815552650676 0.341464948492289 -0.231608748595387 -0.0912818944454242
-154.494653416028 66.2461744368825 -87.6676115871865 -0.4674242923309 -0.834394804728434 0.292061364752608 0.343112565042869 -0.475706163975172 -0.809924325641433 0.0715595012265818 0.0726192483160754 -0.355141269160725 0.179049516256663 0.228114076094802 0.067029064266774
-154.152966483631 65.9140109148276 -87.7285654681036 -0.901625086173451 -0.395916009691976 -0.174134193231253 0.415903753294997 -0.683103591334649 -0.60032787000175 -0.0680846473307899 0.0165221316522646 0.215357196602092 -0.119255198903856 0.0281680916160762 0.13635704587888
-154.580589763929 65.8916692957216 -88.7358464978782 -0.874489939617838 -0.46564675296963 0.135795607278108 -0.321826413300478 0.766484576768581 0.555813955634472 -0.384991043930252 0.251176612389595 0.0454377494223009 -0.0888759260977233 -0.400302313296288 0.299267111153578
-153.297948660349 66.537676654956 -88.9376914574058 0.89472059423722 0.0356328115910152 -0.445202606670171 -0.248831446413818 -0.788004499953417 -0.563144581194538 0.368370805306047 -0.343436389474553 -0.326110043512481 -0.410957524939942 -0.132497412804728 0.21975082571815
-153.276367169618 66.4400132456888 -89.288280399938 0.515884590916528 -0.779165341912148 0.356039968006142 -0.212417340412358 -0.518982936224007 -0.827970763614543 0.401899855234018 0.129095553995084 -0.642971331238873 0.00101192740775428 0.0504192871490844 -0.168789619972121
-153.045952153764 66.1650594080223 -89.7086190313923 -0.425645822975144 -0.685589376332019 0.590586861049654 -0.209241980604863 -0.56040218268793 -0.801353347276441 -0.287491304042953 0.0125558272533772 0.0979105368010076 0.548687848583766 -0.0506515179952813 -0.0854760898928952
-152.937010827419 65.7844350545302 -89.8939927932556 -0.990268087478491 0.139035681861293 0.00618013681545912 -0.0801753353231089 -0.533617800458067 -0.841916835940535 -0.0599863411615404 0.200632775647794 0.240943781763242 0.298975331151764 0.527362648967855 -0.213668621572003
-153.137379580483 65.4182430370226 -90.0494967433408 -0.460709294843413 0.699677823043867 -0.546074985313811 0.0515534710669049 -0.593125740785055 -0.803457587704001 -0.132900235810825 -0.113060338991244 0.221954561570702 -0.0852036409441233 -0.0677056499382763 0.0187908083107912
-153.372347994068 65.1270989473973 -90.3835407163603 0.0303878023490025 0.751074483014274 -0.65951778022525 -0.135482026854224 -0.650638122506819 -0.747204559635628 0.304424312742077 -0.350933162593753 0.0599330929577826 -0.534357325394304 -0.0946082456455822 0.308553211643212
-153.610256991888 65.0203773066126 -90.6767422284686 0.813256697291482 0.158706063698063 -0.559844558476741 -0.314492285907745 -0.689602526894302 -0.652336536617041 -0.249639111605349 -0.264625922093928 -0.685276619082664 -0.360162101246945 0.0576315533988026 0.663230607596612
-153.773965953859 64.9266147935517 -91.1301523080762 0.858156712648524 -0.501455039743184 -0.110044989220052 -0.4279973748761 -0.580416020635963 -0.692773765444594 0.12216129700784 -0.204376431112248 -0.199503944755099 -0.0706062624862702 -0.0864936665656175 0.442337257802054
-153.842377531316 64.4438020317091 -91.4709650147645 0.00381880245342017 -0.685394964121776 0.728161493011222 -0.736891407767249 -0.49417335971931 -0.461284883453308 -0.180690886857748 -0.166562602531368 0.013154059587623 -0.156173966895262 0.0362215001237682 -0.286075833729
-154.075012697548 64.0475641504407 -91.6958064039372 -0.183023051085148 -0.0850967326108289 0.979418760730284 -0.870116599155278 -0.449695953969864 -0.201669662710055 -0.0678383014882649 0.0393811946695978 -0.0420490253229815 0.435527139799746 0.0558915623565967 -0.186442021773619
-154.278577136909 63.6275081828221 -91.5522832397974 -0.548376189757796 0.687158465206958 0.476546742934143 -0.836230732875476 -0.451510441111625 -0.311217742042017 0.0762822732624231 -0.0739219837953481 -0.048946580647239 0.363145062680247 -0.311932782053827 -0.374657813753376
-154.755603521216 63.4038605868606 -91.3736038037927 -0.249856426294682 0.942508524848287 -0.221922163894369 -0.883265282680785 -0.31576289949239 -0.346606739280981 -0.545530994897441 0.0367521466597732 0.428306070922993 -0.343721386750176 0.142634783693262 0.398731502114511
