t = 1
b = 30 30 30
E = -0.753196399342406 -1.08580827891731 0.332611879574904
-170.783905314229 22.6144471607933 -119.525837547974 -0.716073867786871 -0.680425356042286 0.155754777543033 0.250175528670402 -0.0418610525206551 0.967295124114842 0.233896208867405 0.00184370028890444 -0.681445384115044 0.282225234980652 0.330328787735768 -0.610981447259657
-170.914855584766 22.7644469302821 -119.056057889258 -0.194987506543636 -0.978920261491956 -0.0607864617527291 0.27965042386855 -0.11489205499109 0.953202736111298 -0.332561119193946 -0.102949226921313 0.185855952080105 -0.186890893169439 -0.146005824903844 -0.361330035924633
-171.051564824581 22.5899509324795 -118.575908837695 0.57734800599867 -0.772662843624087 -0.26393448060475 0.378115476235076 -0.0334886496602479 0.925152526330364 0.367127528090574 -0.52779080602525 -0.61017574181408 0.471104220111726 -0.524632628704364 0.117655051986717
-170.910162466619 22.304132826413 -118.089622092992 0.656189513973739 -0.483749973382694 -0.579138398833258 0.527849021752436 -0.254198431077958 0.810406421416131 -0.119693871287806 -0.78875339695872 0.791319832164417 0.103317143322354 0.0435733891037515 -0.380215590201012
-170.776327963501 21.8938042848577 -117.74445437838 0.774535026744647 0.201110727295642 -0.599708235488129 0.629389147800965 -0.150655683795023 0.762346486560166 0.113912453404103 0.481905236055537 0.0338621030223979 0.0916337403606655 0.24557962112966 -0.253891020452973
-170.45680416067 21.584183196341 -117.506170750903 0.530971689376339 0.765818783158208 -0.362754264541328 0.642157113744953 -0.0843243170535834 0.761921026629531 0.0327893534846126 -0.132116856146144 0.133770706149697 -0.0745584497556105 -0.72141937159649 -0.609847234610723
-169.930681979924 21.4059785767989 -117.411941309108 0.0650992497838768 0.993891554016471 -0.0891160284814285 0.79126448131176 0.00299907952147074 0.611466700758477 0.0532796825136843 0.391840509999633 0.563574660650528 0.0641628909847079 0.388103836476823 -0.309585019477798
-169.435600231921 21.4886070689809 -117.316297152201 -0.432724675176052 0.788907622188923 0.436318827402623 0.71313793614459 0.00345571758322499 0.701015222407774 0.224157631463959 -0.371036116806841 0.161205972136615 -0.349870874814917 -0.251955176926929 -0.0803442632056006
-169.032531141421 21.7556032626501 -116.966825758022 -0.807530222154846 0.436737470548358 0.396428205512129 0.462445461763219 0.0516159495492649 0.885144049658998 0.190014720119128 -0.0556788976504264 0.454225345157307 0.0845555602300186 -0.41965058651407 -0.203272389017713
-168.808412145952 22.0813668047528 -116.584121709902 -0.867504072062696 -0.213541384741373 0.449262464442978 0.438391730287447 0.0985657258221225 0.893363021681968 0.164603554461356 -0.45436881791327 -0.152075757660143 0.222131353359497 0.212430226702561 0.470903486006853
-168.825024224872 22.3474223411928 -116.115174775505 -0.710825395800414 -0.65762789818028 0.249505118625197 0.225616958389449 0.122803134815229 0.966445227711662 -0.412015916784348 -0.0480070412245043 0.598573870296518 -0.0447352222627003 -0.239798135012048 0.0183685305269832
-168.865222826664 22.5078102548945 -115.640735542573 -0.455971846264352 -0.884564352481909 0.0981609990400434 0.0878069585471026 0.0650440837589593 0.994011672566607 -0.028719059607467 0.382670794924117 -0.446683540808014 -0.293494633218679 -0.433721379924972 0.245711050110748
-169.101006661305 22.6190922557089 -115.087405398129 0.095632676826559 -0.993191946628231 -0.0665142712191334 0.292802126541835 -0.0357968245024684 0.955502748320547 0.355447825152042 0.127487594873136 0.18099905417011 -0.258467449829376 0.641412569426096 -0.00755849034957288
-169.286311818177 22.5086700922921 -114.674380138098 0.800949905249149 -0.577001258518454 -0.159839910377541 0.229372020101904 0.0491077694132779 0.972099225067907 -0.192515741076069 -0.580629710196548 0.186142413449391 -0.527942635036807 0.0548439648621623 0.308309413308084
-169.24906567521 22.2732929997215 -114.220489713538 0.967735725234168 -0.0737256489247327 -0.240940023234259 0.232140589799872 -0.110928935941967 0.966336130825165 -0.189094904411421 -0.04377883285274 -0.277513631865076 0.521980110030153 -0.28216744800666 -0.279708547743011
-168.968937938238 22.1281387967857 -113.681286047546 0.814114425781373 0.236495714016396 -0.530365420240177 0.563011412955698 -0.0977208825831684 0.820651435134792 -0.390014645717147 0.119467552827364 0.0312154449431362 -0.367901209034199 0.295957158464926 0.325861026882809
-168.568045290179 21.9507493469246 -113.446595751801 0.313150493447125 0.907626186577293 -0.279555851115628 0.581750892745045 0.0493453068850252 0.811868794497464 0.196223847334289 0.162811111774055 0.217917847573904 -0.0160155876411647 0.392638966757337 0.141794601764359
-168.163338888747 21.9966792336951 -113.145708328966 0.0344096980372351 0.980567217574553 -0.193142187258733 0.78303590831689 0.0936363591819207 0.614887793443242 0.278332740916545 -0.0138467239901613 -0.0361823003251711 -0.184457186554835 -0.444666089357311 0.279398307781011
-167.59377756279 22.0648323286625 -113.068476825405 -0.355449552738436 0.903015191060175 0.241286510548351 0.710760316577055 0.0934820210793893 0.69719501153852 0.219938704935124 0.0312712351891382 0.199081837234907 0.210775677445451 -0.855054842842986 -0.3033222342592
-167.153447594847 22.3581009821474 -112.765994691236 -0.759405384664174 0.422852785531533 0.49446838474394 0.572681838124947 0.0737547470463069 0.816453152097515 -0.471884537625205 0.0560103865553039 0.870653100336188 -0.802672182040366 -0.331360877253006 -0.533983413081123
-166.952572885554 22.7145828897933 -112.45960361428 -0.763246341221296 -0.380729827167884 0.522015154298244 0.52437539355184 0.107000190635904 0.844737477469322 0.0604634126318023 -0.204742725486061 -0.264281953982255 -0.0313944689899643 0.252894207066499 -0.00110590317865329
-166.253610203384 23.3814956969369 -113.360391731921 -0.324459554942523 0.782929701543719 0.530798530185571 0.636431479958303 -0.234447112488852 0.734839793944043 0.523735492864467 -0.0193674184275483 0.114603815926574 0.32703653329961 0.238737375935861 -0.24920554932992
-165.868197629471 23.4247247176796 -113.106917380104 -0.707321539169543 0.419748321538736 0.568777273449145 0.480055412080525 -0.305393005008454 0.822363614117323 0.060065229914867 -0.520294619048684 0.460208231554011 0.169750479502456 0.457262250845579 -0.0386908610069264
-165.405676559575 23.2346816764841 -112.365324281151 -0.419433027457058 0.341152577014758 0.841243635740798 0.510065030411435 -0.678016687528459 0.529270286511833 0.167234770928157 -0.0335239337873267 0.303496429109689 0.226865688482595 -0.0838933911981102 0.137548163201591
-164.991412772542 23.1705568538841 -112.203565550206 0.0136159982810237 0.989677742361985 -0.142662436766284 0.549400400574817 0.111804395510635 0.828045274723992 -0.0178756227538477 0.336795041180106 0.579039865619885 -0.32283048596831 0.322969457872664 0.0194995708095868
-164.574614355554 23.2808286512828 -112.012950529738 -0.566942762553338 0.768606270082072 0.296344909824535 0.545576466477195 0.0808123001318486 0.834155675742638 -0.0704960091103761 -0.29523994740634 0.00378348392866886 0.432431714548452 -0.188022870250331 0.371538748917929
-164.351504336174 23.7215594042555 -111.714372054755 -0.791822569013061 -0.0929659492591963 0.603634286203073 0.588446253329552 0.148535588388867 0.794775556949499 -0.508079396734862 -0.179187567292781 -0.59524036101139 -0.371750155772324 -0.302924528299283 -0.391409563315358
-163.992117383004 24.023965414983 -111.347341786384 -0.55741535342073 -0.719555592624883 0.414159236155728 0.477962741977722 0.129765794447968 0.868741881039717 0.181154902912753 -0.399992383468595 -0.028366550954843 0.141693774492852 0.354333182752319 -0.0947623567323904
-163.998262774442 24.0884871251745 -110.82743514015 -0.0974436280375803 -0.993450005585452 -0.0596810334791418 0.162373950361304 -0.0750322882146026 0.983872377887166 0.39108642945585 0.279395878299825 -0.0552686897389851 0.103522376340153 -0.333648721849702 -0.39558140085399
-164.124989229109 23.9849853814334 -110.403226820261 0.761604586228269 -0.642115569955981 -0.0874416894631625 0.213954266005435 0.121781933745759 0.969222746674477 0.068978856227144 0.391461924079275 0.0496489050817635 0.119795363965688 0.201769466547293 -0.0402889666730358
-168.023030895655 22.9466003994155 -112.321198114782 0.795966695577144 -0.469163557419396 -0.382521340478645 -0.414098351620842 0.0389126774438956 -0.909399999295716 0.000665660864895209 -0.380971919113403 -0.13890791207431 0.168578077969312 0.0447527344172993 -0.122634625441833
-167.964199980294 23.1715926759146 -112.798889759955 0.233813023083726 -0.944868046457674 -0.229250616181743 -0.314760255911075 0.149529770052074 -0.937318958075088 0.38645771712545 -0.505036013580661 -0.356843556442102 0.394734578931934 -0.0215569732138412 -0.252951661003835
-168.006030448028 23.1854097162169 -113.358167618199 -0.127915962296191 -0.974702511615154 0.18328262449275 -0.399020576928432 -0.118607007841176 -0.909238668820604 -0.211585078442784 -0.394993450560047 0.202847415324975 0.307541566089779 -0.116728213716524 0.439220214363163
-168.065437984204 22.9159188973366 -113.929103621233 -0.18397500766678 -0.857066833238154 0.481237612741492 -0.311879038440752 -0.413396147894777 -0.855473605838913 0.551891361952373 -0.299235501332571 -0.475183238089326 -0.151737679170489 0.149894531915983 0.331575847455189
-168.006999608633 22.5832764112792 -114.339812278271 -0.772291483831837 -0.365883098186872 0.519322079698135 -0.441947326175011 -0.277794449754105 -0.852943611601947 -0.223362449822248 0.141226461198765 -0.166995678412459 -0.0670588534720194 -0.80461460354359 -0.17028456758798
-168.159125614388 22.1740145075972 -114.643752947957 -0.870814354230675 0.145112981358301 0.469706911921805 -0.458549539442703 -0.584225577236912 -0.669636315307855 0.521020121397147 0.552042181744469 0.211314682368643 0.760195676212871 0.0454818344268132 -0.184061651875834
-168.377286242562 21.7309605092138 -114.821315948445 -0.689386267854859 0.719599443616894 0.0832058557999751 -0.433414955449367 -0.317704292853969 -0.843335910948291 -0.496161114990902 -0.364397028558978 -0.232828472796242 0.601772336247246 -0.758518785411815 0.322918771935311
-168.774570347382 21.4851318104399 -115.175612551993 -0.285145564118534 0.95825567368829 -0.0209301482967405 -0.563627833779865 -0.185299463306755 -0.804976877858516 -0.00924534960265759 0.22176320465444 0.51264128578471 0.19964961947556 0.174906999941956 -0.331188715587979
-169.309366910305 21.4296958153314 -115.493386583984 0.324746048489121 0.937030282116261 -0.128507798937743 -0.38920069377044 0.0085601890455222 -0.921113208640564 -0.120041495603852 -0.418532190013956 0.595040161668076 0.341378380184754 -0.258416399473715 -0.0962434722238188
-169.691581046544 21.6049708167281 -115.769304063757 0.767407758283702 0.526303502739357 -0.366182953631469 -0.40539563876593 -0.0441725757888985 -0.913073468904741 -0.0300923767534771 0.173181167155517 0.0172762135730583 -0.573339376828244 -0.295257745097805 -0.192845546776796
-169.953546557493 21.8982649845712 -116.160458940569 0.940451795022896 0.211471945720712 -0.266139131679859 -0.305158520335023 0.180285863934424 -0.935080362713472 -0.0629521887440737 -0.14357608629922 -0.12682840270312 -0.246789027755552 0.588990419895139 -0.422370116971628
-169.977751953052 22.288206933403 -116.466211941134 0.739193016420988 -0.520273283358126 -0.427679079565737 -0.432859405912286 0.119490302063965 -0.89350702427341 -0.276073485465049 -0.191909265428002 0.0180124583219305 -0.323135564893537 -0.713019853371365 -0.235795267182559
-169.901954420285 22.5558585512428 -116.921984692951 0.223649265400478 -0.938428841042992 -0.263310304364513 -0.33293754506449 0.180347625541398 -0.925541638743503 -0.194562456493818 0.0271149547451132 -0.0490024829074303 0.281030163533698 0.429358241977624 0.101668135512784
-169.824720863656 22.6027536718278 -117.498416488379 -0.0315783402015812 -0.99948181702205 0.00623745720767808 -0.414303151921494 0.00741008109458741 -0.910108778666643 -0.60822937785069 -0.114355198365124 -0.0448530641684269 -0.414471421537473 0.430369013100062 0.205196922399641
-169.785102969933 22.5204665888723 -118.004964058296 -0.476662312911462 -0.787706774599975 0.390270517332784 -0.411916216214338 -0.192062402940197 -0.890750842938978 0.122157439536951 0.238650356237314 0.290404018144895 -0.00229650810561218 0.0743020839761741 -0.0153830054864532
-169.813441253763 22.1232204739767 -118.407041534318 -0.854254716450375 -0.116758372226117 0.506573155563336 -0.448875206655772 -0.325857984515161 -0.832062270973426 -0.0230792212365462 -0.371268476412593 -0.295561448444997 -0.424959266874045 -0.423116473403915 -0.770070333593666
-170.079649185494 21.7755144355419 -118.762109045132 -0.742032416210852 0.386417370595183 0.547786006570623 -0.605695378009308 -0.036302738692874 -0.794868052082583 0.78079631646544 0.508320517048795 0.129055312165306 -0.633246007589717 0.216330874890036 0.0838123781746195
-170.504589757264 21.5900925637808 -118.936735594342 -0.394959312229429 0.877435084577697 0.272240360775888 -0.660196754146721 -0.0650081534600372 -0.748274138132443 0.0241870686293251 -0.120364007513894 0.0944345054711802 -0.547959520145588 0.297129786056416 0.295611886890712
-171.057145202766 21.5592870641922 -119.117205371924 0.0570260148695529 0.996530263264576 0.060625638354824 -0.685552252302932 0.0832306031060094 -0.723250147645326 -0.0798548318618141 -0.156779769053806 0.226112769564901 0.507643964801527 0.32926006179623 -0.0573813755014804
-171.572820866073 21.7268000014598 -119.260130729211 0.66296870349816 0.690201485564406 -0.289990357609794 -0.52295378044941 0.149769520707563 -0.839099776058066 0.639833365550676 0.18840437299035 0.208394001852476 0.0988270139093609 -0.107293502655784 0.526903770478255
-171.791930949715 22.0305865767435 -119.564111691101 0.92753597866685 -0.101057672071438 -0.359811555114661 -0.342700459193851 0.154127961429698 -0.92671514866967 -0.214705737558512 0.420084389658532 -0.135869253604411 -0.382294885526991 0.121669196460252 0.327978781816474
-148.854579697591 42.8260403783326 -90.5953695749541 0.642925144338822 0.618234816597053 -0.452142643779717 -0.491163132594914 0.785747797916819 0.375977625994446 -0.395962363857739 -0.16100409302379 0.104160110547123 0.701193335491882 -0.145868550605046 0.279552667193462
-148.786249537609 42.9055805753829 -90.5411090774368 0.697534615101545 -0.398996869218592 -0.595186491016808 0.715410441317945 0.340940694716819 0.609874858589265 -0.0870725856484329 -0.014153750798256 -0.331103365251494 -0.362229198756644 0.314714434964836 -0.323171405556323
-148.489200415669 42.873845469418 -90.2380762628148 0.428479670439391 0.35711091840202 -0.829986122762433 0.651363194487507 0.514538937985825 0.557651925634127 0.356889267324921 0.0493912799077342 0.258082514250802 0.169751938821229 0.0789970113884717 -0.784685140282036
-148.026973960337 42.9706585036329 -90.1296687877793 -0.0475165382980385 0.735123814411923 -0.676265595807323 0.729649638746947 0.487915630170262 0.479113496482831 -0.108128050461951 0.542508519666871 0.118740541692537 0.0757169064997654 0.168542182425934 0.157733127134831
-147.620597101853 43.3319979487557 -90.1298954381118 -0.733944350782461 0.656450849417651 -0.174350142682352 0.379825920560965 0.609487891169463 0.695885608837987 -0.0820995919074302 -0.0165021458048942 0.327979463193512 0.0662256342438182 0.0302750812964345 -0.143868081064222
-147.364943623352 43.8066030868855 -89.9644020545596 -0.97317027606515 0.193672881448548 0.124219276985077 0.219932886174178 0.624401417062376 0.749501431586087 -0.605094584038746 -0.0762189669059582 -0.221571149882674 0.13035524582821 0.475951835270079 -0.483844038176976
-146.089661419083 43.1984961990756 -88.9971566452017 0.961845822000626 0.264285413171647 0.070751926366921 -0.141485928494471 0.259151797559014 0.955417227110747 0.0571063237969199 -0.668744490730143 0.528876398104113 0.381752378495603 0.297023902849061 -0.128749531074142
-147.165810572532 43.7663653712363 -88.7428405906748 -0.336658901820845 -0.909005547912446 -0.245702457637642 0.413113824077835 -0.37706445912175 0.828950759709532 -1.00879441261936 0.299295912861836 -0.0200650029761571 0.0444213331120147 0.287214663663886 -0.207980747658086
-147.255530561411 43.5258749377253 -88.2340385995813 0.177620369098101 -0.795558839490918 -0.579255675319042 0.269860110659962 -0.526676220795747 0.806094088257012 0.468252037523002 -0.601473831023383 0.271065935959896 -0.10269535344175 -0.179666436130464 0.131407534040761
-147.246674753577 43.0959948533444 -88.0065701023792 0.868257276833479 0.0609970729996246 -0.492350137921369 0.482677728134301 -0.333263462573534 0.809912140467476 0.218860286548126 0.188115788822265 0.0917133027004843 -0.0954198999918395 0.09658155485465 -0.292136777975094
-147.089192433522 43.1429862376497 -87.2857292125572 0.87145316368853 0.0981114042612345 -0.480565849651367 0.490047284834566 -0.215252109423895 0.844701241868884 -0.247675629601301 0.109373963587472 -0.0527536955444077 0.00924350541695164 0.225845103584944 -0.334318178948818
-146.729265499263 42.8260124808998 -86.9817182630138 0.546589554460649 0.74805345564133 -0.376372005411634 0.63492000106986 -0.0771571655832767 0.768715398597299 0.014119685210858 -0.423496596135819 -0.0314091094918729 -0.338502566047166 -0.401462621120434 -0.307181545284761
-146.293893678643 42.7406436112103 -86.8580218764812 -0.036518057801074 0.995774341989187 0.084260852656719 0.7167710735553 -0.0326542523018712 0.696543557805963 -0.315306381488553 0.480825191758132 -0.159318813717722 -0.190839590899672 0.365172193911953 0.102330276693283
-145.837572444699 42.9452828635016 -86.7902293743404 -0.480676082549558 0.503465474057257 0.717964497797148 0.795915669967783 -0.0931658912257975 0.598195923600151 -0.171766862984789 0.0173085146364297 -0.00928710126042834 -0.203611569540382 0.039677288555451 0.152100674564542
-145.36334964817 43.1468677131725 -86.670356923935 0.00215920993079279 -0.308036377229058 0.951372129146147 0.999927486592505 0.0119363478582366 0.00159535469452529 -0.653271553780061 0.343567582644227 -0.0245157783994687 -0.446463107966392 0.451817409713574 0.248345197422179
-144.915517923946 43.3324362634422 -86.5459616155536 -0.216978399894326 -0.889844436390824 0.40136922279068 0.976032529096794 -0.20481894437777 0.0735506775556387 0.110027516451218 0.0833395046907251 0.842539001421507 -0.0229808722069059 -0.262021104402367 0.0671729210291877
-144.477844227399 43.2737488889153 -86.2959551713343 -0.398247872894669 -0.914686052594668 0.0689061457611408 0.854874294629437 -0.34287188412553 0.389395443550681 0.449486878283037 -0.697250603086075 0.527753344173468 -0.530796446807474 0.247523445018086 0.144993044242449
-144.099217743419 43.2093099842616 -85.9766483346921 -0.370140804106487 -0.818982652348694 -0.438478278010784 0.783017966105359 -0.529028222366587 0.327126893874343 0.105491060935178 0.281447459363397 -0.059285370568339 0.0795573530148292 -0.691590710285533 0.176893322193039
-143.213737368052 43.4948263520609 -86.4867205572507 -0.0037691825289959 0.984192304897882 -0.177062983830208 -0.668701109482085 0.129171403952577 0.732225084641565 0.0154377686408431 -0.142068671422029 0.412289028025297 0.124297467874488 0.425249114605573 -0.129809634008236
-142.86356417214 42.6717942193035 -87.0734352556793 0.197351046438539 -0.0376566864930628 0.979609380534903 -0.718059050016833 -0.685855340662804 0.118294769001984 -0.481541228835578 -0.10802882746811 0.467037959511892 0.281206563397275 0.588886592004708 0.244467946605913
-142.921484400463 42.2943715274491 -86.9861510772301 -0.599275524830709 0.48873953551576 0.634036680139815 -0.615373658058588 -0.787818265819798 0.0256445122448765 -0.19726360396102 0.0262877193566466 -0.529021906346135 -0.177583091550456 -0.215145338849413 -0.0964797522342177
-143.159030796695 41.8688936636473 -86.6950337815455 -0.69103927642156 0.707578679612248 -0.147638513271283 -0.707831645588682 -0.703821731983514 -0.0600777087691036 -0.557891880913267 0.206829288966547 0.418815912257316 -0.0973452754076579 0.259308873013874 -0.171098133011211
-142.000576007533 41.5734020652813 -86.9803897846299 -0.204785064336425 -0.705962512198481 -0.677997056627191 -0.636336983272712 0.622343348515848 -0.4558113647963 0.198674427519793 0.605758123717832 0.144796591341866 -0.206956245073291 0.0604512962859639 0.134961794224227
-142.229362786307 41.8896482803908 -87.3519897568479 -0.479612218925236 -0.868161044647948 -0.127548108623356 -0.701135653958936 0.466557170194299 -0.539196811644749 -0.111331184229057 -0.165436571792943 -0.118231340335945 0.233716500874244 -0.965723050316944 -0.0107372976157396
-141.472238241031 42.5515245583447 -87.4500012054463 0.715427902085759 0.155054121548043 0.681264365946242 -0.421284249946155 -0.682141497403657 0.597664252124219 -0.0510566814301448 -0.0488679128171133 -0.579451889546688 0.646650755944766 0.0248404988203027 -0.29255627554923
-141.445004279758 42.0582096795997 -87.1742090696111 0.0322964373980463 0.599097010987705 0.800024819338119 -0.501029383200941 -0.68290145506505 0.531615612862641 -0.0598744229698707 -0.412522197034131 -0.111774524621073 0.109196712262525 -0.0130450624467352 -0.145955340972713
-141.430199457001 41.6317998630716 -86.799925767866 -0.440678765507469 0.777873342660306 0.448012598493942 -0.610658856616934 -0.625586442687507 0.485527922534728 0.213707752590599 -0.313300168668957 -0.089950336693559 0.275219628725243 -0.217958192198315 -0.174427261742965
