t = 1
b = 30 30 30
E = -0.799706255577491 -1.10808791990359 0.308381664326101
-169.691118388726 19.6048688283519 -112.478726385696 0.16644136688189 0.723842403891449 0.669589012543617 0.123920244563722 0.658322237026395 -0.742465894990357 0.283224364137909 -0.0386588317458919 -0.306001112154281 -0.2732198957397 -0.261415693786306 0.07043450328815
-169.908593392897 19.9331507797237 -112.706079472186 0.669691429503486 0.501793118220038 0.54746420500028 0.00380945439789712 0.734856187385039 -0.678212261699179 -0.109623203183541 -0.199258129844519 0.402630985795888 -0.359769442006237 0.0713092113742651 0.301107537716337
-170.062375723995 20.3910818342544 -112.794756740712 0.993573450790383 0.0847142810797776 0.0750685584357839 -0.00595628404693485 0.70142520553328 -0.712718179733721 -0.255386369743427 0.400280652097781 -0.385833703288412 -0.00880530807686915 -0.305563992176995 -0.508889052032003
-169.970505215342 20.93534510655 -112.996768554659 0.932410929249085 -0.356770632007094 -0.0576591289746591 0.305199329131338 0.862774148845924 -0.403080807755682 0.571395739101474 -0.124097426232391 -0.316045925378517 0.0835940964733961 -0.270032537123663 -0.221304909048539
-169.732513019897 21.3714614328054 -113.059090938449 0.686244631599348 -0.64818068261151 -0.330045615469063 0.490088780848523 0.747329775607339 -0.448677159410966 0.0144100207784034 -0.383878335305061 0.360590421488296 -0.333590009982412 0.00908743582927355 -0.151878528823268
-169.312183975996 21.766839510396 -113.18703190104 0.197157515580882 -0.787569607211807 -0.583834760738186 0.554328614722313 0.580741693205076 -0.596203717426638 -0.562825284013284 0.0991842610907548 0.188823844207764 0.0376480378844117 -0.155458954391864 -0.150958242420888
-168.793767365598 21.8453559955116 -113.387722915419 -0.47600992179522 -0.55444086067492 -0.682649167850195 0.52040861480679 0.448153280796933 -0.726865538147066 -0.025761025993897 0.00140505848972451 0.173988917127962 0.685264670785809 0.355422833824434 -0.295437482596455
-168.473833636894 21.8549757974166 -113.718190384631 -0.882996965690333 0.166883573368512 -0.43870973492894 0.439974498988533 0.619887934700736 -0.649739477523296 -0.147058839269912 -0.376384414068865 0.449285019778475 0.103501612740658 0.269757178111729 0.491760514719484
-168.303950804289 22.0893021786662 -114.277391891299 -0.981062789795095 0.192691724854623 -0.0196392884803493 0.15177801785692 0.701819822067931 -0.695997392701985 0.21946290329268 -0.266041747965427 0.223841864062772 -0.358626952266136 -0.0547822266878803 -0.00866746205947516
-168.395693816007 22.2811769445253 -114.724772674858 -0.712064332126213 0.519712127503667 0.472084411349562 0.0338807386206111 0.697026493440104 -0.716244485488799 -0.0537150590568248 -0.28199457255765 0.433899873015965 0.0314818630571555 -0.290168731926049 0.165302335585868
-168.692056117674 22.4763370280128 -115.081009760924 -0.228747444344768 0.687383317981317 0.68933212667533 -0.0264955509322502 0.703448579485266 -0.710252125516678 -0.313524639810893 0.230830646874868 -0.64817290153075 0.360374085562793 0.187664130957812 -0.118114158795198
-168.946439923711 22.8486973656658 -115.413815753262 0.236201818861359 0.588185947677371 0.773463633095608 -0.249119808204294 0.806038498453149 -0.536881048437779 -0.591184274415575 0.15079706504533 0.0357035208817832 -0.113507970916761 -0.326371954639102 0.114148414413318
-169.321045154824 23.2366440643179 -115.505511197151 0.625725249569227 0.562305555473325 0.540629609192249 -0.392227814992155 0.825892822243771 -0.405041216807251 -0.170524731441915 -0.114749126684808 -0.0409348733918656 0.233859312345323 -0.103861838552168 0.174382926513657
-169.684299651428 23.5911031381326 -115.429642312695 0.85751076517999 0.440693418270155 0.265451688059795 -0.349752876372435 0.877769206268592 -0.327405170997367 -0.492267775169068 -0.250406953553656 -0.146589461747401 -0.164707485337705 0.389803043457974 -0.368614427420582
-169.82073829172 24.1315963356789 -115.188016721267 0.84456600593819 0.115065691668617 -0.522941821060847 -0.392419743088541 0.797478419486968 -0.458295664049846 -0.148938184096246 0.378791694269041 -0.063553818345527 -0.51552957658805 0.0620958251096508 -0.0637641944615925
-169.90307829267 24.653962564372 -115.289924847403 0.664077073191801 -0.232054562000922 -0.710740684860219 -0.190262066328391 0.866869730742569 -0.460800625041631 0.401967191198985 0.236347980461565 -0.219103501008049 -0.145599315296098 -0.235811970776107 -0.535199034431952
-169.660410342761 25.1293168635539 -115.518681623677 -0.0610334250475403 -0.558215364610128 -0.827448202451457 -0.277580283398613 0.805784406744772 -0.523125870240921 -0.301232911033701 0.505964290229342 0.0197172802265828 0.269496097014593 -0.438679806159324 -0.566494804483167
-169.528049271669 25.4722803702134 -115.907843594908 -0.402807023572041 -0.691681413142694 -0.599435838496463 -0.0295241149272613 0.664395389634199 -0.746797892920556 -0.288449532409684 0.373172476657016 -0.0782288357523858 -0.0486189121585357 0.438569444030879 0.437676696848395
-169.349877352176 25.630561261381 -116.340119555338 -0.846298469865711 -0.472831589791021 -0.24537560514169 -0.0958000974707921 0.588196561074687 -0.803023752366328 0.480146302356822 -0.160928669665043 -0.296355105955529 0.0646909166370454 -0.00830510325112319 -0.731902102988314
-169.362298718325 25.6774214327245 -116.878865538473 -0.941508444906643 -0.238808733803757 0.237765087488724 -0.311186125047958 0.34534638910355 -0.885380746973174 0.0568287195082805 0.450635890830124 -0.167229671554527 0.115853066800802 0.450567766558227 -0.338229986177783
-169.563604942071 25.6174789668372 -117.529984324953 -0.97734246082884 0.0218484563042723 0.210533510914881 -0.197375069954942 0.265188955468837 -0.943778522566406 0.0814924745171609 0.0203070431632863 -0.0261220992528938 0.549503313914508 0.0797234710627091 0.00106201587298505
-169.850402291765 25.4402839556208 -117.863256095154 -0.407822176387209 0.911489935583405 0.0535459594830406 -0.0501242844062667 0.0362063289429445 -0.998086498184017 0.319555226378355 0.169482062141237 0.0228003904895104 0.00965026948779731 -0.0745678413727456 -0.111695136456823
-170.003946617539 25.4086298506117 -118.387178287864 0.0678819506874193 0.958990237852418 0.275190414939607 -0.0807615010380498 0.280203230299766 -0.956537364497414 0.196557496272664 -0.331924667358881 0.84895302684769 0.0505876363530142 -0.15534912466306 0.0569085766308574
-170.279345967998 25.5134928787912 -118.734790464165 0.86035947771464 0.508700308998926 0.03171064065878 -0.0570971108263846 0.158018154571297 -0.985784044687863 -0.309843270594322 0.309927982795842 -0.235013858776374 0.204658784794176 0.224347847863137 0.0316142416774555
-170.338162764907 25.7542957320196 -119.162490694678 0.97754392423536 -0.203843358667951 0.0534393236998923 0.0976687550662947 0.213548509740521 -0.972037987051639 0.307372282512733 -0.476075664429981 0.322807380901474 0.0876223402165619 0.0418037759998082 -0.0368771636525642
-170.149819358496 26.1182741163433 -119.534623144271 0.597831562257157 -0.801280669545001 0.0233818686738348 0.271260362643623 0.174766372524429 -0.946506487401488 0.0893609727770498 0.440045505520431 -0.20281137169895 0.275449194657681 -0.170455465427671 0.215412159361397
-169.796604632031 26.3168722835115 -119.800067198915 -0.266704708781338 -0.931784814048643 -0.246263392777323 0.229430302468046 0.186790857216439 -0.955233433234918 -0.148772737192103 0.700910966715709 0.339147051029975 -0.109606052737743 -0.198756197182747 -0.233104166749954
-169.568191413694 26.2013292994251 -120.263153280224 -0.721580396038003 -0.686487828901992 -0.089756296843556 0.214141157410627 -0.0980183337448127 -0.971872404666749 -0.400390249244476 -0.127693870430108 0.486770049942469 0.24719485786642 -0.331813714355061 -0.130530392116366
-169.115942157229 26.5516718376547 -120.222502203414 0.0426308953835838 -0.823808819449993 -0.565262448562791 0.418276331680058 -0.499090582879242 0.758916003545538 -0.0557401701447354 0.234563938171104 0.433486017359369 0.297330941137066 -0.404917410687889 -0.129316424790967
-169.18800318881 26.5694386953615 -119.409794715081 -0.412407125364994 -0.656697507485181 -0.631402206688363 0.840263658739272 -0.0064297607456703 -0.542139873075987 0.110692572606041 -0.0266701130399236 0.743444591500098 0.435255268342294 0.219181451153526 -0.473835865755868
-170.477628628483 25.4413945818186 -116.560416446982 0.917352863767911 0.170370823795437 -0.359774242735741 0.366922429325162 -0.712380906406586 0.598231873979856 -0.28623182214359 -0.118012240115697 -0.0699994091144314 0.102838887937195 -0.248874736123338 0.0255134909366034
-170.339565962078 24.9678995108395 -116.604953844741 0.825802231200134 0.536596153108636 0.173537440956972 0.383747745793955 -0.76014369337311 0.524327410139071 -0.201553908030419 0.131964582325106 -0.0358105143025706 -0.757742874019408 0.081929443900482 -0.0319398731094591
-169.944559220418 24.6048424028738 -116.627754025051 0.379368704674295 0.72621625057977 0.573314349469475 0.427389289786941 -0.687110071800369 0.58755267355864 -0.127000166164851 -0.325259713758508 0.129018975771587 -0.00458243418787917 -0.172298601080706 -0.0850908051848791
-169.602542731326 24.3671346852246 -116.415704767167 -0.145333801745392 0.694304188178436 0.70485443912067 0.566051225020585 -0.525950979785351 0.634792546833629 -0.470294785931855 0.294572685591365 0.203621415946361 -0.140772393124179 -0.362340469169072 0.190846200881179
-169.081481061456 24.3786529713232 -116.149118067592 -0.608554889321721 0.295747248103965 0.736338585109839 0.415860563251249 -0.67144074861796 0.613373714001267 -0.169404516157894 0.328081912470707 -0.248702000697674 -0.268078255829914 0.0260695834441899 0.489564876787284
-168.800825111247 24.3012095877119 -115.794257868545 -0.900318294979183 -0.185738136548259 0.393609339774042 0.390500130858577 -0.744076554321851 0.542088303791879 0.505217422574485 -0.0309763512890793 0.14241124754265 0.39102387885933 -0.521071304174193 -0.174939729605838
-168.578858912734 24.1762564063628 -115.327117149777 -0.850609158555437 -0.525547500328029 0.0162445153997501 0.414719390197585 -0.651599079839358 0.635158615266018 0.0324796902658209 -0.371448682681362 0.0142337896468968 0.116617511686631 0.45237103419563 0.306731681648847
-168.534834849545 23.9269458466557 -114.861807874759 -0.593505569210423 -0.625047613483519 -0.507017376620141 0.189707464193122 -0.720863942455785 0.666608021626291 0.267154527467105 0.0959986677366835 0.186004748541484 -0.355084587836392 0.16167414930266 -0.14175084811425
-168.580401736357 23.5264535388047 -114.456134540319 -0.477640800481841 -0.411204655307245 -0.776382635798043 -0.129509031614864 -0.841094629434559 0.525154486857461 -0.364187799069893 -0.204792025708693 -0.379645083324387 -0.101420951278923 -0.32222402949604 -0.419423648899603
-168.9381257533 23.1917430458684 -114.17599988668 0.13266270049238 -0.466453188711634 -0.874541039996876 -0.24455475989185 -0.870464770284849 0.427181522431839 -0.692034817463506 -0.455941827642165 -0.0485427956342737 0.0141424437513467 -0.151789798087019 0.0466951935726164
-169.250956330195 22.8651616757119 -114.091899015397 0.68710306893408 -0.507709458591133 -0.519731159657056 -0.297564147676874 -0.849228698241467 0.43619513534706 -0.282703136524446 0.349079638588656 0.446781424145709 -0.0581267265772764 0.0225792891471328 0.32770097654262
-169.47914791086 22.4233065999202 -114.336680034731 0.950210306080912 -0.285949111676163 0.123828428679494 -0.311070879244363 -0.847105274891714 0.430868380525623 -0.000923523417212312 -0.379587717178581 -0.624014433181275 0.144466250873062 -0.33200157220637 0.14848701116087
-169.450287995865 21.8949195828369 -114.388556040309 0.787603580548393 0.0564304500459989 0.613592865192349 -0.200025149727238 -0.918455083508308 0.341218696812384 0.599824696218116 0.35209705271994 0.693498677664832 0.267670749012484 -0.125452285084656 -0.146428859285604
-169.360054413715 21.2634695266727 -114.193879713274 0.54164867484128 0.481821456690786 0.68881405104357 -0.0461347209376316 -0.801152395108284 0.596679501354174 0.049546206335957 0.0342614097035062 -0.0257051563233119 -0.0336363611581835 0.0387535553716302 0.0866089031095305
-169.17919220559 20.8615280065191 -113.945309479809 -0.0303842130971007 0.697233532935623 0.716199832549953 -0.0844743341381531 -0.715758394639945 0.693220028111108 0.76147636181941 -0.387704074237713 -0.244001954031581 -0.109103941431537 -0.492552807310521 0.1433200098908
-168.956760633994 20.5798995770484 -113.561505998619 -0.526616332259776 0.682967622894629 0.506192122296388 -0.026785457860075 -0.60848290745993 0.793114802898254 -0.306381767921029 -0.209635804069169 0.169151818668726 -0.243353067003067 -0.0312284853830291 0.129334737790358
-168.80321672842 20.5449604081017 -113.033151359805 -0.941005598053045 0.336609238823833 0.0346797458362951 -0.202712335779779 -0.642799586880508 0.738726200989889 0.186997360886591 -0.471910197817709 -0.152387942620799 0.0315446372873506 -0.117968016608443 -0.126104704609325
-168.863531583661 20.5382660645879 -112.540147318843 -0.96805341319723 0.0142438625235136 -0.250339173078455 -0.230423082356309 -0.444255295640737 0.865761188442043 -0.477341807902781 0.530315257668848 -0.140200220098167 0.594775282714225 0.0242881850800923 -0.496834096035699
-169.056027616909 20.603906825625 -112.073761446647 -0.553510089812919 -0.621345225977693 -0.554577939184408 -0.136583555659924 -0.589148015354836 0.796397858062634 0.0641044770228932 0.0807216662573913 0.256798985241094 0.174369581024365 1.10926605538694 -0.29152618773806
-169.417272238863 20.3723527321652 -111.672685973195 -0.0975889620373619 -0.709327183563014 -0.698091212626998 -0.144654543966898 -0.683880786897965 0.715109874230211 0.0336590435205294 0.16790377647505 0.0895842316193129 0.439765656168226 0.529184211061464 0.164815549753731
-169.754698387856 20.0612004473731 -111.406193494868 0.517246794456877 -0.58048943388016 -0.628878184370851 -0.400116769686087 -0.813582321351293 0.421889057692437 -0.17285278950164 0.412935324554018 -0.349135518347215 -0.412849135324116 0.401482875541102 -0.00194550840736556
-88.9967345991623 21.6773259356697 -115.402814325848 -0.926971274239657 -0.357750354656591 0.112866914893558 0.145623865387555 -0.62044775316143 -0.770609028902803 0.137557506928654 -0.471534812619637 -0.468353005297309 0.634907143976801 0.115794124380035 0.0141532285574603
-88.8876974085041 22.7970010136362 -115.541621317353 0.972364861694148 -0.159406595897404 0.170575827498861 0.0767285592081854 -0.471843473757218 -0.878337329546317 0.129902697876346 -0.181481304261039 0.0632384530341372 0.0413573745279636 0.618625486684585 -0.110095559291372
-88.6397918632597 22.9317869691586 -115.915495247185 0.410986044752726 -0.891946705372071 0.188471604743043 -0.0295509885091868 -0.21966441445871 -0.975127829619605 0.213792250601402 0.0965132179727527 0.191341120653679 -0.0702359196199154 0.458143108955596 0.607628918065312
-88.7012434442303 24.0243924710603 -115.64908699893 -0.723453139169097 0.690057435991653 0.0208875670915731 0.102366153176459 0.0773009644932331 0.991738741590884 0.136106092278739 -0.329239184258893 0.0177475081131974 0.0694272245801132 0.194010102068327 0.125621110381628
-88.5898843845244 24.3133170843407 -115.249475239502 -0.998164567333742 0.0605287787136848 -0.00193996568850857 -0.00322526736470637 -0.0211440860978102 0.999771236470381 -0.0548377161788865 0.188002072951771 -0.22130155905405 -0.11027695269819 -0.144608421141221 0.0567803508287247
-88.6431125423658 24.52424422283 -114.857074296251 -0.561031111967529 -0.826073361896856 0.0533562758155391 0.36949110479561 -0.192220106070608 0.909135718305647 -0.12890378877938 0.1581689780785 0.0375057325716388 -0.176066580912186 -0.522937945427303 -0.000940348287840361
-88.6399476027496 24.5375301284248 -114.401099235207 0.234852355160203 -0.930775103332215 -0.280182223370099 0.515182946534604 -0.125238830575984 0.847880750410035 -0.0185435629095539 -0.16732985777215 -0.00338836836192908 -0.0964586030499947 0.149505850589809 -0.338913579493373
-88.2145045118837 24.373336255471 -113.827238581174 0.33776602096287 -0.628265378763413 -0.700854285090828 0.678960792748118 -0.353060724966611 0.643708292937802 -0.69997257630433 0.454135572656056 0.227791759371571 0.258916293234356 -0.855403879475714 0.137402473142212
-89.1442364449332 25.3660788225845 -113.726695173581 -0.733104516234014 -0.427408601114702 0.529036535572417 -0.105854195477283 0.840088194148246 0.532021348587249 0.229472595109336 0.222914075969097 -0.120165377127039 -0.13208951292029 0.336626255006093 -0.811492157447662
-89.4764150928706 25.6686618851707 -113.521152399392 0.321866487697308 -0.576216992720199 0.751249586620777 -0.216029642897835 0.72784673793151 0.650822801899176 0.0804529675823483 0.274257151498168 0.157869002032913 0.207962998764152 -0.0349863984327811 0.359946332903191
-89.6492647446763 26.6759509581237 -113.848443653075 -0.765632418363862 -0.360090428706669 -0.533049606607258 -0.615716637107478 0.650175912598025 0.445156495478145 0.386632497121656 -0.667271440359781 0.178605734111396 -0.195091476895785 -0.846197971306224 0.138393282667189
-89.8711517728455 27.0779230436791 -113.903662093839 -0.702879280585058 -0.65896922852682 0.267806409144741 -0.419910788156703 0.688295805867119 0.591543585558452 0.113919511074247 -0.0060400423659166 -0.374100187299143 0.071218079662458 -0.118657623003188 0.159601958411163
-90.198944409605 27.3943208771072 -113.753176305063 -0.157501645028071 -0.680321725583777 0.715790179809811 -0.399648608801399 0.706739365446917 0.583781173737895 0.167869065073661 -0.669275206987129 -0.240441711671258 -0.948261673247051 0.0896476240907627 -0.0705791418336491
-89.3946452954116 28.5645418250589 -114.766044228896 -0.308348160240308 0.924968218679642 -0.222160317133884 0.789425542851796 0.379118405267607 0.482780019346797 0.463866850996133 -0.526131123532852 0.228083788218815 -0.167406669900092 0.10723432952834 0.060523554532239
-89.0016200407948 28.8764327017059 -114.651787811759 -0.758829929643039 0.343865332495864 0.553112801321257 0.617179366690246 0.108428156409678 0.779315702542574 -0.434432535986461 0.110758649556958 0.28991668190116 0.342727670766337 -0.371912106020513 0.0905903660758164
-88.7786431808502 29.1779185057501 -114.287590914885 -0.77937408703015 -0.386263145291365 0.493332357600372 0.442653925924476 0.217797709265274 0.869840019602712 -0.275398927433168 0.280295894163964 -0.0943988022287144 -0.457615143564631 0.351506099936588 0.467028786478264
-88.7625722150422 29.4958468335196 -113.907227069035 -0.223960567462022 -0.884006340427857 0.410334563868849 0.401182114575619 0.300082666505547 0.865449769892832 0.271226647638937 -0.285303739882025 -0.107147431170665 0.389557268815217 0.489172181180424 0.0375793928574153
-88.9163458380877 29.6695125694444 -113.489721338362 0.604435860579926 -0.786214481618345 0.128546020314129 0.34284120924783 0.402362440210412 0.848860631640676 0.592786037971258 0.293441215656545 -0.0709224829868451 -0.42238767011462 0.343389873609409 -0.551778131957159
-88.9562967855136 29.6201910187836 -113.087736090885 0.983381452061102 0.0691920759662457 -0.167849266801138 0.0861493573343163 0.635970857691253 0.766889402976945 -0.194545387338155 0.175164277040823 -0.161621076264763 -0.144259875521545 0.077399310275352 0.0542275022293561
-88.7407691755674 29.6715819239472 -112.623477590691 0.561484205494159 0.588790487835824 -0.581430347001809 0.264321416462437 0.538217858576969 0.800284777756089 -0.0563025729069031 0.0410811575576614 0.414279001087585 -0.276718007775351 0.132272587610854 0.641832142472907
-88.4092268488042 29.7511485635635 -112.286017271854 -0.365865217460556 0.813905421275367 -0.451332037275339 0.0906781924417559 0.513822762125465 0.853090636765669 -0.222943450326174 -0.0440771124357943 0.273479970628497 0.54171213717699 0.0885695920467665 0.391410965441993
-88.432423930515 30.0996646718751 -111.807330715783 -0.42579178805678 0.568661225389971 -0.703793836262713 0.0979277859727319 0.802219680229681 0.588942894843522 0.109494127842027 -0.220944354895064 0.169930755765766 0.0257206203022524 0.592283173188051 0.541176769454274
-88.1221175568043 30.490113573767 -111.530787917667 -0.758387066857691 0.362589068847795 -0.541644001143811 0.110960005631841 0.890680644599005 0.440880784891882 0.0860967538584904 -0.604167656055673 0.427523031437861 0.106068006711094 0.261283885066255 -0.334779880611816
-88.0054959729563 31.0019163569765 -111.619819758069 -0.986363870110434 0.111407849518457 0.121138791501481 0.148144003746135 0.921645066031656 0.358641501242633 0.827347684638604 0.368873584950254 -0.539611222430028 0.0935606850642209 0.0692967544445563 0.109098429145536
-88.1464751945002 31.3948314789988 -111.709653260946 -0.153253453082594 -0.227568434221045 0.961626739886347 0.536604202476635 0.797986183548597 0.274361040874903 0.21089732279286 -0.418195850895946 -0.447963611878213 0.59030047928186 -0.684211434875282 -0.217162244798664
-87.27744235712 31.4366673599701 -112.41867319842 -0.130904768275348 -0.197410697619327 -0.971541536995835 0.867247245675575 0.452024640312337 -0.208700597552164 -0.165481054589544 0.152838428499885 0.826748271884509 0.613740714369114 -0.182265504703266 0.350056921368374
-86.7757242388687 31.3934636435584 -112.566969092042 -0.472977323971676 0.406363239360624 -0.781768104174718 0.868952136434848 0.361821833473648 -0.337649441591543 0.0570709962565926 -0.136256999956566 0.00923037265471812 0.633022556776882 0.240081140193202 -0.105699098648528
