t = 1
b = 30 30 30
E = -0.814351806716355 -1.11248299164947 0.298131184933116
-168.247298326968 14.3443867256659 -119.54212497565 -0.931379262435332 -0.2181178007243 0.291474346234125 -0.15296566163717 0.96100782213262 0.230359441221368 -0.375153749366953 0.111332948638787 -0.0531798093919929 -0.155742605103642 0.442328707479277 0.137438134357387
-168.498960023903 14.7789987591763 -119.712325802492 -0.68818668113547 -0.15431517759473 0.70893294314177 -0.258891198651275 0.965025036700138 -0.04125561540933 -0.0795702769282383 0.775137812224959 0.310509688240809 -0.584182719139362 0.148206323499211 -0.131687817596913
-168.94182943848 15.1185171371926 -119.831914622422 -0.0914301718511883 -0.128210599091402 0.987523450838453 -0.38461029457879 0.919272799499472 0.083740321258164 -0.291426738608769 0.342997933803553 -0.590530767603722 0.402744152323103 -0.368480480865708 -0.198394177913131
-169.328605353261 15.4287014466132 -119.756273418126 0.385886525782583 -0.0585000475003505 0.920689596803344 -0.557743538216512 0.780155526140997 0.283336373608101 0.805332288533928 -0.253596312926135 -0.150612753238529 0.32684327036683 -0.0374046986192045 -0.139017873415574
-169.673049878946 15.6554492201138 -119.468091586095 0.757123972809346 0.15479422743386 0.634666870846862 -0.522910753437508 0.725932359581104 0.446751108842978 0.517766565544827 -0.275205466124525 0.322192314291736 0.192844611541678 -0.0833822646632535 0.0540245490446082
-169.902737764519 15.9070924081695 -119.048156923397 0.892356399872305 0.434422857931762 0.122379884430975 -0.404585655720444 0.649791145081101 0.643491969615355 -0.0098830474027933 0.035954904258366 -0.200798745933449 0.0472279857889694 0.0332601916908071 0.26479612462152
-170.009754741167 16.0861987293582 -118.640254739937 0.684710130004545 0.664870318383072 -0.298528889058248 -0.32019499587669 0.642385059582441 0.696287727768335 0.134986983866454 0.146502856784879 0.153759952968939 0.15829709624677 0.639754653839514 -0.023890902906723
-169.912655317887 16.3136215351937 -118.185714970768 0.287396160011885 0.725406421740453 -0.625451013675841 -0.252643892195161 0.687287029635568 0.681034215462922 0.529266827078355 -0.639490853119012 -0.333708915385661 -0.186861078289025 -0.0108109862114286 -0.334035932551251
-169.85777873955 16.7624948440923 -117.739335623876 -0.0178826747990725 0.548181502261837 -0.836168195113869 -0.28721233311705 0.798238018560658 0.529457402847307 -0.18326565334881 0.0563025743935213 0.0914860873792225 -0.309352700797452 0.261251562749059 -0.19151352018107
-169.793332248742 17.2041330493346 -117.531198756946 -0.468665680252291 0.303826544653948 -0.829482917797166 -0.350407229512395 0.798019446086279 0.490285363001586 -0.258406200210642 0.00406552697931488 0.245382402614187 0.099193031231336 0.289452817393517 -0.109643639108497
-169.760091302456 17.6878303844567 -117.477824153687 -0.841151938251211 -0.0772851570250861 -0.5352479997906 -0.378893670099053 0.790432441919616 0.481306702134785 0.214352217781772 -0.149831599494193 0.254519429814618 -0.00474711431697867 0.373299150156942 -0.445270029477482
-169.890497186323 18.2111225479029 -117.486438436533 -0.855582438847604 -0.470750644998139 -0.215342797811821 -0.517665789983455 0.77876788797789 0.354320062281637 -0.662296648939572 0.352579600854748 -0.414003106505173 -0.0108544929720528 -0.0686099616488795 0.608660386663819
-170.147577221046 18.6598263980531 -117.561079188257 -0.678085553897661 -0.643219197489101 0.355624866364516 -0.520606909294845 0.76188451570698 0.385357536218523 -0.561910424069257 0.0147168443884781 -0.183002304391427 -0.0889261122484503 -0.465903756965991 -0.244259725301831
-170.623194243181 18.9827340755125 -117.52850953201 -0.119354876110076 -0.680429334513716 0.723028584692176 -0.56387096906804 0.645847578536865 0.514713935638368 0.0665378324735929 -0.128925879939838 -0.055172161523651 -0.155762026230676 -0.20451998136614 0.37237118483057
-171.171868462336 19.004776787579 -117.386510899531 0.340801281983061 -0.408798547237274 0.846603941625242 -0.711071797670782 0.477001547700728 0.516571797573535 0.346431550533392 0.0273091026919737 -0.15142677336676 0.144672962121644 -0.145731302145436 -0.193075844982056
-171.582947441627 18.8164030927756 -117.053570600662 0.711733218856133 0.297723104117623 0.636236417105508 -0.690580167162593 0.462361783784081 0.556165994661385 -0.449288458506624 -0.17069451532034 0.125177487410133 -0.725118094094787 0.0768710706162978 -0.0912107251456669
-171.884523062628 18.9247629001733 -116.643064678584 0.767228920798309 0.535627385972978 0.352793263096699 -0.609797022164352 0.438721905776873 0.660053544154561 0.0527266474040244 0.027048026123289 -0.00238727119325331 0.0141936264044226 -0.488689177437106 0.0712746793160891
-172.04668843847 18.9502112855911 -116.216403941737 0.567912114209026 0.821472842302446 0.0515577336019998 -0.539039365336589 0.323856450738604 0.777530425084782 -0.668073165296722 -0.183566612296344 0.332997806960211 0.149020091758379 -0.458274068819437 0.23786296655406
-172.030725326501 19.0531673834961 -115.688675960357 0.166640913728055 0.922962766447148 -0.346944574282557 -0.447941553738046 0.384321879029973 0.807245351633327 -0.285112908279925 0.235489840978669 -0.00316104502300831 -0.113080116426454 -0.378964880764794 -0.0505149838327318
-171.988666408582 19.2198825856769 -115.270323728586 -0.302275002652015 0.750308052274643 -0.587935072489773 -0.371574137134058 0.47525025414555 0.797539877716261 -0.182532470143258 0.0893365618955687 -0.361455714991963 -0.466271103832303 -0.0848630122754217 -0.582780479823646
-171.912966467261 19.5545708985612 -114.900876609232 -0.728481275636978 0.359634313590409 -0.583076488579909 -0.182144802767192 0.718810654531918 0.670920646392922 0.402453722599786 -0.0253736812926992 0.269484154899138 0.276616037125253 0.189326683200319 0.247271169377758
-171.847536871454 20.0053591336808 -114.945782153291 -0.919627435744329 -0.243959360871874 0.307846081133568 -0.00427314286007274 0.78990595711587 0.613213110723309 -0.266919864658 0.176881682464725 0.67287605658698 0.35454187281555 -0.274630480817681 -0.291320489849565
-170.344012683891 19.5116358707047 -114.407102319614 0.652107520683057 0.747993938139944 0.123534812803908 -0.554028483122268 0.358953052358561 0.751135903876064 0.775489442548469 0.403968085009857 -0.365314640906999 0.409969768685853 -0.231797651185351 0.233523744248703
-170.446444967051 19.4769584490547 -114.009153686079 0.0879536975081728 0.89739690613191 -0.432368985889964 -0.537682275147044 0.408158313496668 0.737769992691661 0.585134719792359 -0.454758411569646 -0.282586988234108 0.3585631825823 -0.345017370991288 -0.0345671994225385
-170.156740709703 19.4584558198373 -113.134818433784 -0.462937769477733 -0.538855764644141 0.703791934097542 0.358413629962587 -0.839989390860004 -0.407378807867666 -0.815236517760299 -0.0966569151549332 -0.530149171052293 0.297545542111232 -0.151838046249092 0.364355561522296
-169.823218356229 19.0822370123979 -113.040455957502 -0.905479464393036 -0.424271615347575 0.0100267628305454 0.348956470862397 -0.75777255506945 -0.551371141996731 -0.308035500433002 -0.0114241832022269 -0.356434781762535 -0.113588129090687 0.107415774728935 -0.293611007779148
-169.750014599426 18.6065535279817 -112.993976084821 -0.696473532496292 0.0307651269475813 -0.716922677487632 0.316266046878189 -0.883649813873381 -0.345164879490342 0.0664789601088669 -0.123039657398377 0.0938374171708857 0.393817501629583 -0.484245487004815 0.148763640269372
-168.974296211709 18.2151456128761 -113.335766997123 0.811112828216647 0.499649011461278 0.304050728083587 -0.482998391866329 0.279018175290628 0.829976753476885 -0.324686845227671 0.500118001947697 0.0780734997808764 0.164301342412268 -0.105302293569629 0.252039489393471
-170.020735073755 17.5841218967476 -114.003028145182 -0.780582533794297 -0.624147661794304 -0.0336244585380504 -0.614866141959706 0.776421781490885 -0.138234744901948 0.417128135976149 0.178153104655068 0.0842902623146783 -0.25465479314391 -0.0822297343785223 -0.387607946890973
-170.604874047575 17.8367639299963 -113.969392163298 -0.234591191920582 -0.395893440159263 0.887826197356298 -0.506369971063064 0.829383612008768 0.236034481669269 -0.251198837039941 0.352697111318054 0.431027117967175 0.124817454957622 0.728122636600671 0.256474582049503
-172.312483969635 20.2006154974235 -115.886402267348 0.286569162729281 -0.854729326811991 0.432800061067647 0.686184470426828 -0.132150134522492 -0.715323153889724 0.133325912030197 -0.532034488587739 0.723664954562674 -0.0501870350484202 0.160416181081249 -0.0340537662326502
-171.775580299865 20.170656085024 -116.071260130306 -0.151945705006815 -0.950819307558519 0.26991692630126 0.551500809825142 -0.30818312012575 -0.775158062095577 -0.319507333949059 -0.57883885402269 -0.3689380881983 0.326250694427243 -0.216508447081041 0.978617664332989
-171.297874159514 19.9330333396446 -116.196093291774 -0.579550823574658 -0.814885989023511 0.00903702313329209 0.522708602155458 -0.380214791857715 -0.763028459027107 0.537092636799047 0.0147127823360006 0.322819653258385 -0.0960544890377466 -0.226618025008773 -0.245826538362039
-170.954042696533 19.6091219234388 -116.295372513835 -0.773373140682308 -0.57331414502125 -0.270563996846839 0.619014077243863 -0.590821407627662 -0.517447230606944 -0.201087200959276 0.0838788344499385 -0.107880472370313 -0.0629248039297627 -0.513819004614091 0.565778133519675
-170.752090966813 19.063729316006 -116.263003810539 -0.668744293491884 -0.0983459430512605 -0.736959391966341 0.587985174643485 -0.676599137002219 -0.443268589240568 0.575978834408174 -0.0466590877921081 0.246116773186635 -0.537856412107065 0.247723226277339 -0.289920317818315
-170.67775241921 18.5747285878957 -116.364414149997 -0.515779378152898 0.313231315903382 -0.797406907299934 0.326290406726477 -0.788795170087498 -0.520899942527262 0.423252623327536 0.443331039893238 -0.0224222283473167 -0.176010883491098 -0.281566314735454 0.366684087800856
-170.847070988621 18.1603557787702 -116.616857125874 0.151480472675664 0.610750645380444 -0.777198375941 0.301916143445052 -0.777284965206162 -0.551973482326572 0.308514270966428 0.293798231987879 -0.210145115755986 0.592441098558311 -0.155691326966123 -0.147230514972821
-171.014852989117 17.894898547229 -117.115527920153 0.634480375197738 0.642360592129975 -0.429892455350596 0.329460895537638 -0.72787965142848 -0.601370710417369 -0.200490878826871 -0.419307989849108 -0.486598149046811 0.704719147428935 -0.299893538656141 0.0380362136850996
-170.962727089474 17.6955699849143 -117.613867382095 0.894676676620566 0.436995147411957 0.0926762399408852 0.353129804933985 -0.56479745263527 -0.745857344513008 -0.110481212700346 0.142245384988857 0.148395349210725 0.0996994113211817 0.153328689573296 0.282740668200737
-170.723292917432 17.4987829589291 -118.149299234912 0.772481354027483 0.345456913777951 0.532852773665372 0.630289443679855 -0.519499167151092 -0.576936593149595 -0.393314245852851 0.41574324460887 -0.223941835593164 -0.0867971654442172 0.480048037134575 0.106434791994734
-170.41549495347 17.5059029952697 -118.515225198378 0.509582241296818 -0.309394908339101 0.802870307116131 0.607595038595664 -0.531297518332955 -0.590382262680017 0.142579057610847 -0.319236679315619 -0.0846900216259989 0.25025616740539 0.164006808845518 -0.131231577122877
-169.877166896497 17.4717495558616 -118.686175993464 0.0301564415680027 -0.715575569816637 0.697884082719724 0.598590157301115 -0.546227201520951 -0.585939986603419 -0.0679849243607433 0.156010893007426 0.0645575052266826 -0.332758745340635 0.132096292961107 0.0148146866547784
-169.441041282854 17.205969411893 -118.959287778641 -0.423961754667686 -0.659300583717141 0.620950216111836 0.478074736773716 -0.74522861481947 -0.464842831194586 0.356489430166873 0.116158552275885 -0.0709021417565004 -0.528688508485515 0.166372910697206 0.082793102412457
-169.04359706957 16.8506775549745 -118.894578678445 -0.844634734802303 -0.519716129159685 0.128402919969593 0.432246609032649 -0.803574745065096 -0.409182719666096 0.0493613098507754 -0.192361334570573 -0.146215984796356 0.359871228831229 0.0123695089036399 0.29660184992926
-168.771666939773 16.2947270705786 -118.887996978711 -0.964222958294067 -0.263783006444757 -0.0263175266619634 0.258010211486119 -0.911031342251634 -0.321640520152662 0.144984057014851 -0.204064028869715 -0.357213997289649 0.386846136372134 0.392485370346577 -0.121071996185842
-168.72958200172 15.8601433595138 -118.711782459145 -0.768987184861623 -0.115465740570198 -0.628749848726163 0.341669908892442 -0.905520477299793 -0.251583661131216 -0.145337393604994 0.192907166447136 0.227028478900717 -0.508516431620745 0.410874484324531 0.0638196131647688
-168.781091241824 15.3406624589571 -118.662738700124 -0.586847394419635 0.0595253494711826 -0.807506574854483 0.118955050745889 -0.98013468209225 -0.158700034221692 0.308400417112424 0.0489498613327211 0.16487921874533 -0.482704991983051 -0.117984631190251 -0.281460192073093
-169.021228179788 14.927160636793 -118.672705962059 0.0878330775255794 0.132632750011213 -0.987265873064013 0.000544435814602584 -0.991102498709251 -0.133099739450996 -0.285505315064406 -0.255658136960682 0.299383276023969 -0.336935738422957 -0.87817167388364 -0.129118538448201
-169.264411109218 14.4882527567789 -118.782388532735 0.591884891842152 0.222467171511159 -0.774713258185782 -0.00883373112854339 -0.959307729873649 -0.282224457832797 -0.101942971744435 -0.100398956838165 -0.0905552536806691 -0.212970266326781 0.541232207486929 -0.362033999107752
-169.381133207524 14.0901758821891 -119.172313651385 0.945659940257507 0.264196524262056 -0.189545440356703 0.147934234863003 -0.868687265181433 -0.472755642448718 -0.602267068987305 0.458372460814041 0.0804180407580856 -0.0453403213938841 0.118903990544873 0.237287016106841
-169.289870948552 13.8980740240117 -119.642507358425 0.818034357986385 -0.150477138165344 0.555136397692828 0.254159274928912 -0.771255840314333 -0.583581606760049 -0.0977669480531161 -0.183947624379356 0.377349497098923 -0.0878051312915406 -0.602259781689474 0.867468863024662
-109.647697338412 55.7181733558919 -124.621709125559 -0.875814939630813 0.394018054248689 -0.27874354601596 -0.475953091285653 -0.609218564008729 0.63428810186127 0.024828980993031 0.129453167536441 -0.304987987009009 -0.40820903818504 0.093720577863044 -0.296101627396415
-109.92058890129 55.7144711710729 -124.201682175103 -0.656784312105758 -0.102017637322387 -0.747145748195708 -0.547068060796648 -0.617454511880722 0.565213643337043 0.0261739266431268 0.343952924962524 -0.289764345626566 -0.425299834614934 0.499914921699034 0.375791981467293
-110.271089632107 55.7115433895169 -123.945275395333 -0.166834691606842 -0.730671608207808 -0.662031106999863 -0.566441844732196 -0.478553995632362 0.670917066261313 0.024813355535454 0.291772478264846 -0.0219509529692128 0.0549433917511598 -0.487862741663941 -0.275623617182001
-110.67151027762 55.4452079062801 -123.802128077431 0.49326946083996 -0.768482244865164 -0.407578554796067 -0.582254387168501 -0.639790895125279 0.501644733987935 -0.024365249767772 -0.125746929875085 -0.341789062890042 -0.12262255615201 -0.0181673853997141 -0.243877649721538
-111.023444740113 55.0176576324946 -123.654750223516 0.85470112343358 -0.50688955950201 0.112022158831344 -0.484582408934375 -0.701642714563377 0.522376674490251 -0.0415780208742304 -0.0426143802504663 0.0942263960887963 -0.263799664488717 0.547591870471018 -0.0434833396058548
-111.17637931959 54.5225678721644 -123.634090203285 0.705001285962138 0.144848259603617 0.694256558112011 -0.375363768396238 -0.754357013448324 0.538560616492425 -0.541028338083762 -0.428089337152744 -0.272476386987687 -0.244529674237758 -0.192165790634834 -0.276113240415821
-111.834454314769 54.9053314804565 -124.522863081366 0.749387532882546 -0.629549579182473 -0.205147880591978 -0.543081589029218 -0.761648917042649 0.35348736162027 0.525831430103385 0.0358478576682779 0.215913603124056 -0.23311003416878 -0.173935708979999 0.34264659758392
-112.119551077118 54.5654823873151 -124.68585989286 0.662896037839323 -0.485194088849904 0.570224113101188 -0.630476719471365 -0.772515829243081 0.0756201016496219 0.303440384807703 -0.112262517927026 -0.152662052042983 -0.230868621268268 -0.285894663259737 -0.164313568503391
-112.261674765376 54.1748407749534 -124.888959644712 0.0828561589232884 -0.183056069321863 0.97960468170222 -0.669775829676881 -0.738101920245372 -0.0812766467734737 0.171074936274821 -0.359682424078638 0.273408681168 0.281288166994258 0.609458442167027 -0.199386287660789
-112.271966121921 53.6936537825419 -125.021393638436 -0.535593321469345 0.180930343163163 0.824866052714193 -0.511624678805888 -0.846627542938159 -0.146499118001667 0.161766860198479 -0.0820642757632166 0.179196702677089 -0.244377195787059 -0.413889933141705 -0.769454858679344
-112.33617093176 53.2115753901959 -124.937174282741 -0.6687027316623 0.418351724441587 0.614669416291496 -0.38231193507682 -0.90249770978901 0.198331712349313 -0.0985927413832758 -0.382335931586671 0.462639660821431 0.0765136313651811 -0.0257958317243834 0.451672639301114
-111.50794793493 52.8490329793067 -126.017302517506 -0.101814542381684 -0.185358879326519 -0.977382159042421 0.963289724180317 0.226963206817892 -0.14338971385545 0.0503311785074863 0.374730752861923 0.400478019861065 0.138940163392321 -0.0999409747484384 -0.17887630157499
-110.900132959663 52.6498993172373 -125.860560602386 -0.23502562361366 -0.426190848685986 -0.873569869410187 0.951686042532372 -0.283634960006147 -0.117664293272789 -0.0446979361187993 0.00629359022544758 0.355704213659633 0.395074692434836 -0.306152265161858 -0.0510239100086455
-110.581765987769 52.2678254577294 -125.902387898149 -0.0685636733744244 0.503598865371831 -0.861212636629078 0.946254068670697 -0.24066476628018 -0.216064128895703 -0.344583337203773 -0.101549219586775 -0.42101026225039 0.0625450617845887 0.262460252811066 0.106405933765799
-110.518497684681 51.5858117199119 -125.882829763848 0.633461027880995 -0.757495122217438 0.157886877139119 -0.696668615179606 -0.647132163934395 -0.309633336424417 -0.55079223916561 -0.480533564515842 -0.287921421696472 -0.0798705292499623 0.124269168368273 0.103608367289718
-110.647786080684 51.4572176539355 -126.201201061423 -0.19457248810858 -0.767314506683297 0.611040092550894 -0.466707752934637 -0.475493310456052 -0.745714412534883 -0.0151372363166534 0.285037288647937 0.321630025639837 -0.0556146536385572 -0.690446554310582 -0.0234315522533002
-110.67027827653 51.0880415501269 -126.517150074314 -0.793818473825278 -0.00986958776852584 0.608074684435214 -0.516545030362504 -0.516795257776243 -0.682718018766009 0.24684019890353 0.414541337420883 0.187682977272382 -0.413277126357153 0.205462760061999 -0.264472683178559
-110.342859223314 50.6816354550731 -127.215247121341 -0.383837638377512 -0.283716310899934 -0.87873415905728 0.621723824380372 -0.783011769742813 -0.0187631191989 -0.108198739944602 -0.29756328485861 0.114067045194328 -0.128199783607005 0.607440572173242 0.298690826142486
-110.186580782117 50.0613362460258 -127.373021814551 0.11750019499697 0.209681316308614 -0.970684011286248 0.655503462724446 -0.750639239245362 -0.0828006211414265 0.0684740863010287 0.289981375571468 0.000892792629641146 0.12549018302689 -0.176060676038884 -0.153230772873827
-110.227251401307 49.6326045018887 -127.579191427484 0.701429207707052 0.444930270340278 -0.556807077101561 0.334783932891565 -0.895350521680743 -0.293712719512922 -0.0397650772280026 0.38455123805628 -0.17253783697263 -0.674573400182709 -0.0138175654693637 0.0830450800062632
-110.160534052511 49.3107340213226 -127.976360831689 0.919637081240901 0.136996057138818 0.368102864883085 0.145340385833658 -0.989368541434319 0.00510504317805427 0.37706913313428 -0.042683966038307 -0.00438039066965101 -0.742981166981438 0.224430049384138 -0.137340778148469
-109.89364394864 48.8947326918891 -128.055098645706 0.622558212014661 0.271761034652991 0.733871387027348 0.330517300974323 -0.941332486610785 0.0682016378674655 -0.382249629625801 -0.442402552676493 0.362078923720273 0.689001546940587 -0.356588676889119 -0.352429085308817
-109.452868145686 48.7300894293922 -128.070636035686 -0.280818769132779 -0.25764481738284 0.924532296341515 0.237579140088477 -0.951975312925049 -0.193129893533021 -0.281553876973941 0.0379431295024047 0.274000621582672 -0.325985471939492 -0.231746640184468 -0.177838604026742
-109.212168651727 48.3364396586545 -128.050909345729 -0.92665504467483 -0.21816098846773 0.306131036142159 0.139104515124009 -0.955562657928052 -0.259903714181984 0.29566291939853 -0.111304052246334 0.149878218901954 0.235581037020054 0.49183139880277 -0.0875720317924808
-109.077420707911 47.9521403387027 -127.866304860394 -0.796271269244167 -0.232735259731759 -0.558378334692413 0.282315222587362 -0.959317769666906 -0.00274443013393987 0.0971225788680214 -0.470716848875008 0.036131063214521 0.559104877021494 -0.140279091852504 0.102861753452361
-109.125559718626 47.5406506356278 -127.628198261668 -0.289177899762849 -0.104104037853806 -0.951597862330134 0.224024688794264 -0.973824399185023 0.0384574877307474 -0.0438784271418035 -0.164025184841944 -0.0806158780725697 -0.316737299240989 0.0749208566991966 -0.223963251531835
-109.28511743043 47.0527832817362 -127.629848382703 0.500668932725937 0.20307817817934 -0.841480762317494 0.23663749379047 -0.967173675867794 -0.0926162903648487 -0.218214460838612 0.391500240987105 0.248348267069371 -0.182153745610203 0.168148672414168 -0.196832042774523
