t = 1
b = 30 30 30
E = -0.860026545435913 -1.15449126654631 0.294464721110394
-168.986736396879 17.6931319661679 -122.388349509097 0.0885168740450333 0.513395415726493 -0.853574782968848 0.303729641619809 0.802215844448281 0.514001988048328 0.472277299472174 -0.22483926924628 -0.0629987527614274 -0.198724592524481 -0.451469880153582 -0.400197249396389
-168.648698038842 18.1050691602422 -122.26573191088 -0.368341654532868 0.46744486885637 -0.803629093622077 0.296059513486739 0.878380998020076 0.375227380119376 -0.0946219841140627 -0.442198071604383 0.0626707209523757 0.0578473020959175 0.0245484087035537 0.29483952631013
-168.318288229871 18.5802048552126 -122.418813226545 -0.943374902556622 0.202752977678644 -0.262554800505963 0.0805887590480967 0.907839188925526 0.411501468972018 0.0307200545037865 0.3085393152807 0.0113255532767429 0.403364345119324 -0.31665081730569 -0.181416973762083
-168.252772154035 19.070286063953 -122.335340227468 -0.968484276864555 -0.244681053634244 0.0465766836365066 -0.174704378166449 0.80060940383291 0.573151779848746 0.399031571012385 0.283588896436747 -0.133579611141602 -0.319326614821368 -0.376253847245346 0.148012458848196
-168.402646662626 19.5420544459836 -122.539164982141 -0.760655221106694 -0.283229228817178 0.584110296559436 -0.10297480891753 0.941051645086822 0.322207991843444 -0.550790348996651 -0.480557134791709 -0.749950703759598 0.0287600925171541 0.074185004250442 0.0218037971535798
-168.726258589316 19.9338874585639 -122.592749292478 -0.175151849773965 -0.377687349403614 0.909216198503541 -0.35714842440521 0.884961645700055 0.298810790609585 0.108756952959552 0.123791963285006 0.263410071015851 -0.00259147636463218 -0.342807104009893 0.337030150314747
-169.049132265183 20.2714872027362 -122.416155588282 0.38635351132131 -0.293358174775566 0.874455227888794 -0.409786107199381 0.794770098559817 0.447678273743091 -0.129998632383849 0.0364881289760505 0.174385501583023 -0.606595217336008 0.305327119248877 -0.185003401635536
-169.41803784734 20.5120905022077 -122.009519774306 0.810779064654255 -0.113528249456291 0.574237446439852 -0.15647950553765 0.903272314364351 0.399516320629785 -0.315843137925118 -0.13497848165159 -0.518756013711813 -0.195051483402766 -0.365514380573629 0.185006663618187
-169.558129504374 20.7146165833547 -121.531624494405 0.989487128093849 0.132645217912388 -0.0576235151788198 -0.0905645835846163 0.878972339595884 0.468194064919115 0.302438451337311 -0.477830504853415 0.184330758261606 -0.106075873258211 -0.00701269311851466 0.612546933329456
-169.454960408184 21.0873448129624 -121.109039469229 0.689831597696312 0.316167034693463 -0.651283941912355 -0.166757655197405 0.944802492312625 0.282028606621592 0.282874009301953 -0.454060588261582 -0.640398036272538 0.627176353530221 0.45675210319832 -0.0541019713711417
-169.328169142113 21.452683114151 -120.839816823371 0.300772579985215 0.247907583640699 -0.920911334006954 0.0342668679856947 0.962190961436283 0.270211649432019 0.20970217657589 -0.625264095466451 0.534013222114042 0.20652669843115 -0.378529976401339 -0.264598591286175
-168.913058654658 21.795608501448 -120.78164002416 -0.496276403761665 0.265707102944563 -0.826504365695788 0.0527931808035219 0.959487975997289 0.276759288872607 0.0151044063572025 0.116805791101623 0.0949028771864846 -0.272804163845781 -0.586812851716622 0.0358456909144123
-168.526171382917 22.3264319121394 -120.848509239955 -0.809409066464565 0.24841492106055 -0.532115579662389 0.145490432210628 0.962700546727694 0.228123193615559 -0.441533203576886 0.357860283972466 -0.0659261891702115 0.295475417935535 -0.269586784545113 0.379631604616412
-168.40294171018 22.7831800906574 -121.013071983569 -0.987209047361493 0.125751816384878 0.0980039666723687 0.142578658544236 0.971424202824501 0.189753377557578 0.203094354261794 -0.154801194666425 0.410620022168695 -0.261564874049053 -0.110514099723425 -0.0973464200209878
-168.462799879087 23.3374817693291 -121.097286205425 -0.827273378515117 -0.208559061125113 0.52165302186683 -0.120837525674115 0.972862915422107 0.197322173577516 -0.0492144774234186 0.41757016083876 -0.548451663426885 0.443262435140323 0.331888840960031 0.139065377587612
-168.719381954351 23.6917803169973 -121.210406132046 -0.326014881320606 -0.191077734924264 0.925852902125237 -0.437970490655442 0.898447708529571 0.0312019927727752 -0.170322980672563 -0.150917094062224 -0.722961346423231 -0.288401043568954 0.052489657068941 0.438772368988193
-169.303656541918 23.9000465480035 -121.189702774606 0.180740229819254 0.0760161835110914 0.980588858375053 -0.520038518285245 0.853627041413269 0.029678505146249 0.594629613585158 0.000616072861346599 0.130722334017567 0.493252634908476 0.307020946993802 -0.326462812519093
-169.722343616527 24.25454804265 -121.061956718848 0.626022551764312 0.097024469252837 0.773745447190938 -0.303390965050015 0.944358208361013 0.127049189793555 -0.355081862624892 -0.192760111750034 -0.0414966987850869 -0.213813727697488 0.0714737632536264 -0.141540272825746
-169.983144914012 24.5931374226667 -120.897289980831 0.748255127680893 0.16229945011134 0.643252013127676 -0.530444243501905 0.728688329765286 0.433176895274403 0.133969005879495 -0.554224136574829 0.368981510445578 -0.186844810984835 0.477168420032465 -0.219842979530422
-170.209111022936 24.7997693333255 -120.478412203872 0.899215058147073 0.424679233190819 0.105165717313271 -0.40854599653944 0.729069483097378 0.549133733736799 0.469277225960606 0.0867585767618463 -0.322977023231091 0.369554475146147 0.209612016073478 0.15342819843807
-170.290786853904 24.9998258641736 -120.064511627378 0.568584169344202 0.706779449716178 -0.42092143189681 -0.30094592351278 0.654926614022579 0.693183007124353 0.0018511339067589 -0.0632524988540933 0.606386469001348 -0.175471030372677 0.0455397036820624 -0.167019762970895
-170.243300309148 25.237712279816 -119.593302948747 0.0393115293385312 0.67919475480484 -0.73290455634186 -0.39007554627044 0.685705410508002 0.614531657607539 0.00793841656875549 0.108631207432734 -0.349379956560578 -0.607503661676004 -0.136446645182342 0.288226073807036
-170.30663495061 25.7546796960878 -119.243976887697 -0.375008590261636 0.0372707896090729 -0.926271798918599 -0.612876326730881 0.739701873732326 0.277891608599015 0.215572419283935 -0.509855729951867 0.165931959162912 -0.522208265092342 0.22150817943984 0.485751949172872
-170.42564982466 26.2443462373537 -119.31461488121 -0.809306073050221 -0.573666692905398 -0.126214918195174 -0.534803458082557 0.630781104774674 0.562228120145356 0.138518289934861 0.100309188644759 0.268234470486295 -0.187551034528109 0.382318973059766 -0.342569980209921
-170.770891187771 26.4901459692226 -119.239886293164 -0.336927446042893 -0.807249933111936 0.484589972650888 -0.785810133881196 0.524607105309062 0.32755124568358 -0.29150528308372 0.192528944376121 -0.0758099056627358 -0.139565057592102 0.3765907426549 0.316431024414046
-171.300215736269 26.5763136477019 -119.233969584607 0.194231615259091 -0.477490820461241 0.856899408337464 -0.689029637966319 0.555352925112745 0.465640726926587 -0.150909905727091 0.128466955272336 0.0760566543502049 0.258671014608591 -0.199580983507712 -0.223879333377401
-171.662669924254 26.8476115375144 -118.878481779962 0.587525857655017 -0.502958000916431 0.633913729067991 -0.493997995197818 0.397535585001342 0.773260266274026 0.0982232719933571 0.0754131822990975 0.236712174999301 -0.0993726743861773 -0.260934054538285 -0.396344055464674
-171.959382409842 26.683255771845 -118.449598115721 0.913543736516705 0.0475352123894944 0.40395327087942 -0.398939055611045 0.298298930830075 0.867101711319844 -0.510071536901297 0.120793959277819 0.0466500099283503 0.693785953522124 -0.294106778911357 -0.254976293193522
-171.925676987205 26.6534232101095 -117.866937725799 0.589612103818886 0.775415085743578 -0.226028785404753 -0.421096439839972 0.533922224792707 0.733215415977124 0.284866686383631 -0.164886856915126 0.139492983321872 0.163405538285204 0.502827299202603 0.359516422773921
-171.912814262172 26.7280272273152 -117.432437096258 -0.167295613427384 0.772980464990836 -0.611974981899184 -0.332320610465892 0.540185930319069 0.773150808409911 0.721183778434427 0.440065602212178 0.0139040587887479 0.433055407447512 0.259350540975685 -0.210182788861154
-169.224590206996 25.411187114875 -120.349698463569 -0.810293310571391 -0.585020674294764 -0.0342864622111174 0.585212138900351 -0.804704302782895 -0.0998886258108065 0.361847280190202 -0.490765279461765 -0.348568645249473 0.231503499501431 0.0208326230946525 0.0695923134729493
-169.003678130622 24.9072451301523 -120.303093751837 -0.881920839442582 -0.326604870250797 -0.339918948700057 0.399963458096196 -0.90007817097742 -0.172882961328396 0.254482426795861 0.0999581358093933 -0.411276583469207 0.619608087810619 -0.016490408271494 0.354816738144541
-168.871634197396 24.4158094558626 -120.16258161249 -0.722442713575047 -0.165935511164442 -0.671224203777633 0.13141057452676 -0.986033152439778 0.102322447157113 0.396280855826391 -0.72568056339757 0.291788519875957 -0.361594857349697 0.0715988001001335 0.157490577674385
-169.003090843849 23.9074107909715 -120.056968332256 -0.355431473248744 0.0782882995345904 -0.931417956655447 0.0387753849265701 -0.994393368116488 -0.0983783460408938 -0.423345782808488 0.346556253204257 0.165208356413524 -0.0776051231744897 0.437222732407227 -0.303318578912947
-169.210047155407 23.4459447590525 -120.124927185365 0.356766433404838 0.220072660681608 -0.90790183170655 0.0461680501381931 -0.97482217101974 -0.218151887534349 -0.0752159375106184 -0.405548872392355 -0.15131306878461 0.144443724733111 0.316991168252406 -0.00440953046300505
-169.504384973853 23.129114672871 -120.485277444601 0.844312926594788 0.0921218768226987 -0.527872372639076 -0.128370916635286 -0.921652049407588 -0.366167185292469 0.162852118091138 0.123385432583782 -0.778400610716215 -0.229159325573655 0.028320995223057 0.44353783024142
-169.584036078188 22.8386243430056 -120.873494030813 0.998797192341182 -0.00770685740087298 -0.0484228553513302 -0.0298753965204304 -0.878737648466862 -0.476369190701579 0.318992561170531 -0.391016942006623 0.441900750478232 0.0237351812167839 -0.211396522763567 0.0799921873711862
-169.570721028003 22.6040682959963 -121.423867936348 0.842722663659176 -0.255009150024585 0.474119020456807 0.0427120926590129 -0.846245065090315 -0.531079059040156 -0.265112635998722 0.0203330725234373 -0.253928524541847 0.089880361497091 0.47244767715396 0.877603629778534
-169.323131831086 22.2330401694015 -121.779069408767 0.311164614078319 -0.338784686143356 0.887919770801529 0.311823939166816 -0.846182173049387 -0.432136044522912 0.43689775436521 0.141031821152895 0.127262957417255 -0.175598434626049 -0.17308558280447 0.108538338199589
-168.983066691946 21.8108707518144 -121.969380281018 -0.10640438329587 -0.246964748320011 0.963164845861112 0.310196271823534 -0.9285654552803 -0.203824601574177 -0.241053748975966 -0.0286617318885878 -0.0942369701676444 -0.572213365575524 0.0926307803319619 0.0907922107152698
-168.682426968218 21.4176066615367 -121.891817448434 -0.762140595760775 -0.212868338147773 0.611415393090176 0.164131602012743 -0.977076347037749 -0.135582555220414 -0.438208229435599 0.262193194054725 0.286187466143308 -0.265445070036582 -0.11731306153457 0.144136004222084
-168.412627262249 20.9763028194844 -121.590209797146 -0.962525168041565 -0.268019441077745 0.0413627863052209 0.2674875782719 -0.963393150743513 -0.0180009047195004 -0.116036709662442 0.133942542638207 -0.228248809819166 0.37455141495004 0.0293702155167845 0.00434060005918061
-168.346037734012 20.3471164869905 -121.424713010851 -0.901452227599824 0.16959683439506 -0.398272262552253 -0.0925401099128406 -0.974287613348002 -0.205426323858398 -0.218592138400139 -0.258272223360383 0.314757703231141 -0.253659864577136 0.153450658796064 -0.212073345939639
-168.599705017734 19.9097225274265 -121.339967349652 -0.392171151793197 0.268691986886236 -0.8797763374201 -0.109509806501469 -0.963226142616456 -0.245362997333005 -0.538656308569032 0.0098535038824751 0.412085827215373 -0.0444773828838056 -0.0956626392586826 -0.201768149961278
-168.962941740871 19.5052325081398 -121.490773879667 0.173594099187219 0.404250647262185 -0.898023665008603 -0.0425991267170175 -0.907932514497302 -0.416945876009773 0.252587435800673 -0.348682160936357 0.436042884661287 -0.0345151743867588 -0.279990869807067 -0.0456136913845058
-169.29979412551 19.224692986573 -121.811950061758 0.693725205694032 0.266363682882742 -0.669175408563342 -0.151306823581048 -0.854470290405411 -0.496977633251544 0.434326915319665 0.557446431047043 -0.510367483897076 0.151904620001553 0.520288332982417 -0.216539537733093
-169.446631801787 18.925978965746 -122.196558570339 0.954270670747707 0.168324058278139 -0.247051610712214 -0.0311161973622965 -0.765998136772296 -0.642089274729833 -0.140366525276306 -0.00610360207080135 0.30328970540557 -0.143895491355511 0.200501474369317 0.346226003241889
-169.4626053182 18.8536603108462 -122.751352310402 0.954285819036292 -0.186154805258021 0.233848164554659 0.00897533249183572 -0.764174306941934 -0.644947340498801 -0.58759487710228 -0.52815617072339 0.726000113179632 -0.168505442217412 -0.125374022035652 -0.35210127469562
-169.205636520709 18.6269182493132 -123.152444011379 0.572041146183857 -0.438671511054632 0.69306293542629 0.0810106483434076 -0.810619176715952 -0.579942949948816 -0.789096853838425 0.0974213395175677 -0.23550981678314 0.277197796668427 -0.0256158535610585 0.214197535630116
-168.871235589962 18.3225099116698 -123.401313424553 -0.190646754892445 -0.511085289833875 0.838120302441364 0.118747338644539 -0.859516878532213 -0.497121519432704 0.086071841135234 0.183682491925003 0.0398602033349465 0.621791834801761 -0.269016243266481 -0.224659604397363
-168.386951374019 17.6268025838331 -124.310154900494 0.640591097525228 -0.471397311591016 0.606158082018368 -0.734429778856971 -0.606579598739869 0.30442419470318 -0.0506705180642281 0.404023954601305 0.361907893443232 0.149467948641263 0.195837674064555 -0.180780385676433
-150.247150293154 34.3876213802601 -92.5642026846749 -0.903079871057536 0.395092272755936 -0.168371145090996 -0.389388307878941 -0.587863292338792 0.709079329276896 -0.226434858499962 -0.378999822607695 -0.0729066266214402 -0.0904443348536905 -0.142911000306577 -0.132811601254953
-150.507839872788 34.2661440728203 -92.1821851420846 -0.651867874378499 -0.269193533558744 -0.708945072515082 -0.316208353960062 -0.753232815167406 0.57676043817243 0.541137767550514 -0.206050659063024 0.609374437987902 0.179982699545613 0.367449882714586 0.538258753374986
-150.833180426649 34.0710842306204 -91.8867637894184 0.108757479274547 -0.520412782587526 -0.846960652227336 -0.334342255306464 -0.821527394919319 0.461852785759344 -0.70459984424023 0.312496595439869 0.450205923441025 -0.279984454383429 -0.106252577853842 0.0398631959012207
-151.223875060178 33.6990213254966 -91.9203481894014 0.764191562843967 -0.422502113206464 -0.48734302048369 -0.272987560535043 -0.89644003328688 0.349103220428776 0.108777792388957 -0.46832598074765 0.241954958992542 -0.0832588731829958 0.188669803445406 -0.131970683889372
-151.389143996778 33.2564867350731 -91.8825418448121 0.997686431224208 -0.0396504958645249 -0.0552233929490147 -0.021186662250345 -0.953190730894315 0.301626517202732 0.0278854617907111 -0.242185650647309 0.412026918148909 0.33914779804377 0.490465129399502 -0.310574256561124
-151.315611575114 32.7465090071879 -91.9551706125514 0.632848583248199 0.329834530019358 0.700508282240585 0.0626949141027003 -0.923585692720076 0.37823116734139 0.103598879954391 0.252559827451779 -0.0556857010607021 0.181528446445329 -0.069412663885977 -0.589064413738626
-150.938867706495 32.4848669628303 -91.9811272678265 -0.293838918541308 -0.000482608679397099 0.955854830525712 0.378374324364641 -0.918374181883211 0.115852202015957 -0.078141735564937 -0.464064782792788 0.0320866164945027 -0.0205653312723118 -0.404193644949919 0.547225169619693
-150.608119337718 32.2631167680041 -91.6737198880276 -0.839103896358168 -0.421752963634349 0.343553618496713 0.459260308530541 -0.887728160508516 0.0319167988463527 0.355541822326903 0.302267323202219 -0.143874226334548 0.00756016599945858 -0.171120660401407 -0.0289292239088449
-150.543045006306 31.7287170222854 -91.5936424902887 -0.919765866647621 -0.163032099250544 0.357003200495335 0.244355389842558 -0.949702402983491 0.195846340844744 0.509716068460344 -0.375993669563428 -0.242117232470529 -0.288155497995029 0.3708004272019 -0.291406494518563
-150.484123313658 31.2181467319685 -91.3096034794219 -0.960019732399689 -0.059820621207325 -0.273465915027082 0.0478983510505119 -0.997596294128857 0.0500737646578684 0.0164799110642203 0.149353128522662 0.161761294123123 -0.0801293353815558 -0.362859662993028 0.0317994568661763
-149.499669069319 31.9982558013133 -92.127143478537 -0.344053758126948 0.833377195994736 -0.432561510902987 0.745633053852724 0.522489031608701 0.413565666915017 0.385129298692135 0.0205853465112782 -0.083050458484937 0.112573634354739 0.123678181893015 -0.132526162359681
-149.185186111772 32.3561883333815 -92.2513729778259 -0.543785921898371 0.619980389188369 0.565615760182632 0.838772031043101 0.423623609650779 0.342059230669597 0.141373173165726 -0.0665060266630309 0.133342110423995 0.558294716800587 0.00265012100337584 -0.411512885725849
-148.803252973158 32.6903073946987 -92.3079853642324 -0.451006746247458 -0.218128958614417 0.865455182116942 0.888976725784996 -0.023461921893069 0.457350980357176 -0.563541085387763 0.166901609559972 -0.0101241725521148 0.181971121687165 -0.259417405816604 0.445126225056595
-148.33162551161 32.7222782855454 -91.9831680035194 -0.592573617927617 -0.723040456801167 0.35506197369605 0.766785572890899 -0.371289408024944 0.52362587855726 0.0687771716366633 -0.125966910954671 0.384779562407295 -0.185491238340007 -0.060698200456538 -0.389854186546655
-147.745809118625 33.142275262581 -93.1414711222867 -0.0196086621200272 -0.830579966721469 -0.556554057797467 -0.289688264487376 0.537502498402528 -0.791941774140835 -0.00615845194952878 0.258033587783538 0.197145066906457 0.368621355398332 -0.750109739031108 0.752868665770118
-147.598957511517 33.2972440619663 -93.6012280399804 -0.791366505609702 -0.512959006557292 -0.33258399148312 -0.153370864925649 0.693209117430856 -0.704229009131753 0.293184977945829 -0.0684586618737089 0.0121002096594532 0.13750410575582 -0.261473704831093 -0.31402832810136
-147.446100619363 34.6314208020589 -92.8407703683476 0.395245497371787 0.918261461445606 0.0240184352343987 0.205733092960027 -0.0630095203242074 -0.976577541626682 -0.316631798875073 -0.900698566039128 0.0823947746783951 0.0993280857185542 -0.388630687182226 0.0294083659717968
-147.466398846001 34.8330400030371 -93.276716291708 0.931548853670651 0.222231769857763 0.287801622112841 0.249937242078406 0.183532597997164 -0.950708767443875 0.0412097395608806 -0.313750124914331 0.187942047624497 -0.523483476858055 0.163925039221503 -0.347085923124303
-148.836724311058 34.4917951320519 -93.5548877790221 -0.920874637405982 0.274362064813956 0.276975377197007 -0.0518341692413094 0.617978980766685 -0.784484033125998 0.0652173778978662 -0.452978394535311 0.198314547506542 -0.304860101422229 0.358012324375867 0.193542490421241
-149.013847376185 34.6333657022348 -94.0892789657096 -0.679715997492101 0.518264745377782 0.519025834089038 -0.24150357937763 0.510031584516872 -0.825556663072258 -0.0408285150390302 -0.51492637004743 -0.308864796528007 -0.159549527943547 -0.086212029094147 0.583134430328663
-149.378899898926 34.7902664231047 -94.4184103139825 0.0140320590262667 0.805932499499978 0.591841116828835 -0.175082765623562 0.58473531478488 -0.792105193029962 0.230386131917411 -0.0814628955534912 -0.274690381126696 -0.00913079452756602 0.0783071677411574 -0.240104270198334
-149.657348444226 35.0660235182232 -94.6709321099182 0.759467465660959 0.618709785391179 0.201015845305092 -0.171323456224387 0.488308940531773 -0.855688408209476 -0.382363484307254 -0.0269021859642787 0.0790635286024457 0.1328774611908 0.477120445050838 0.34878574086808
-149.752935119291 35.5610263231889 -94.8736232368418 0.988221026854114 0.045071432957776 -0.146245574341698 -0.150589797018659 0.456497400473815 -0.87688815500868 0.314456511857494 0.0848274110454698 0.461295425450897 0.0699980883212266 -0.273885261362777 0.61337461098099
-149.716343868671 36.0335923130898 -94.9868371096566 0.645194643176057 -0.411001818207197 -0.644050757197986 -0.177317885083335 0.739408363338771 -0.649487213002884 -0.217691516659672 0.0251528365322016 -0.0505479941041106 -0.0229717236300065 -0.197144048227965 -0.0354090777211108
-149.542279602119 36.4863056857829 -95.2195410978123 0.133565987964072 -0.793020499298328 -0.594372454401962 0.0561684625037754 0.604839659464841 -0.79436395320937 -0.15793360861444 0.38743874099812 -0.140957382367855 -0.027569951513657 0.174497007239501 -0.25207683894353
-149.313043113273 36.583481129888 -95.6697596865806 -0.815738181336612 -0.481188235569247 -0.320981465912583 -0.0481470620205524 0.609487763062908 -0.791332121864998 0.0155769832183004 -0.426979810534232 0.343581133662079 0.163263393206984 -0.0384353042811716 0.102750877248656
-149.25517764552 36.5475839373299 -96.1642044799729 -0.898955837766307 0.372236623644751 0.230907552417482 0.0554628781312415 0.619620293519115 -0.782939691808178 -0.366088901590789 -0.0405381188150027 -0.187600889074957 0.237861198597954 0.208422802897149 -0.224997303250994
