t = 1
b = 30 30 30
E = -0.920113696642362 -1.20749617163223 0.287382474989865
-174.00490668048 15.8671703157187 -113.817240086592 0.698219233754672 -0.230735290942098 0.677680697031356 0.238003592983444 0.967604969698182 0.0842313026276584 0.183048845388126 -0.398119705392419 -0.286860644008505 -0.293179847368498 0.013548282133518 -0.254593102256492
-174.061199524893 16.4041964238314 -113.688245040363 0.880830262635536 -0.319571258720997 0.349302532233722 0.208748006492502 0.92437621822393 0.319300605961578 -0.18400179713088 0.23179984085313 -0.258748682696255 0.291554694019912 -0.563566891654281 0.458056500529479
-173.953612163792 16.7153032943868 -113.248386227604 0.94060852412996 -0.206612865553838 -0.269382122869524 0.289490396616741 0.902632114724327 0.318513069959415 0.133660689991574 -0.518773158896327 -0.14200022354979 0.330274936379398 -0.200465681358409 0.203778654132845
-173.626780911436 17.0430706507545 -112.941308114062 0.529611919722574 -0.131412896592015 -0.837998726190598 0.414065039962041 0.90227677866742 0.120194664435557 -0.388590040758374 0.108149478789953 -0.193872237941704 0.0755987407941512 0.0257046967068951 -0.334995643042289
-173.091415032414 17.2873674555326 -112.841642099092 0.0831283616975424 0.123472480414018 -0.988860061920741 0.568165945342204 0.809345375280594 0.148820435644146 0.0405599523063307 0.162475760429846 -0.207194978035637 -0.29819171014368 0.253523416828086 0.0578914254055005
-172.564449306653 17.5159600423157 -112.852182559661 -0.441480519195839 0.36437293290343 -0.819955679861982 0.621888547466965 0.782995991380408 0.0131115220947741 -0.0878841387734719 0.148182557481657 0.120229087910951 0.321629392726203 0.17764039005778 0.27943726008397
-172.181477467577 17.7333871713791 -113.031553690383 -0.741098504869584 0.567581806042039 -0.358641742592974 0.595842688545223 0.802188268409156 0.0382814907484111 0.140386979899656 -0.173594855372381 0.0974827932852286 -0.165111314494786 0.0461307823481769 -0.289347049535442
-171.98887099751 18.2260272481016 -113.132943540504 -0.862441364209854 0.504675616982034 -0.0386964458787899 0.485915908200482 0.804125691460068 -0.342443575631911 0.0760096456144049 0.137438062496312 -0.274947003845031 -0.104405835544812 0.587784643936271 -0.213605162431878
-171.914825930461 18.4993733039544 -113.606169412396 -0.636616305994254 0.662003691914564 0.39556388969889 0.482066062219469 0.741977892500672 -0.465919648326269 0.0655195798419083 -0.143520446281284 0.3187103971616 -0.552960314382489 -0.297893485337593 -0.0569962144637877
-172.029175467413 18.8846572098896 -114.009562459868 -0.153890677927273 0.514872092354001 0.843341204828802 0.311341213291684 0.83529799853774 -0.453148874593003 0.431072375228865 0.224652250527423 -0.224316825963531 0.322563283885114 -0.300754590140111 -0.0736236548066983
-172.211416777667 19.4045743313546 -114.194831526581 0.417958357307268 0.185246577670244 0.889378725301248 0.264760281166957 0.911653467310538 -0.314308684348792 -0.0957621866771905 -0.318188667634798 0.0094700265187359 -0.492027290503098 -0.152525071073162 -0.117037037059996
-172.305836944465 19.9466570243142 -114.112798114687 0.794071515067973 -0.0789282439634386 0.602677991354008 0.215506953012837 0.963677739501962 -0.157740190159356 0.171889927902485 0.327968468624332 -0.100859376609901 -0.492681075417608 -0.258993889610885 0.0637445475108757
-172.390376302226 20.3457829502579 -113.808261565084 0.993045786447201 -0.0752249163024318 0.090560907607827 0.06812230686886 0.994534717063969 0.0791204642387641 0.34215925661423 -0.0558079179050676 0.207505912740401 -0.453549739850927 -0.469031457408649 0.320027542256684
-172.303506484514 20.7096432876107 -113.432856905223 0.848391647996222 0.0312241949489468 -0.528447406332972 -0.0200186531219378 0.999437269796151 0.026914629285948 0.0729860424637903 -0.332183307019882 -0.0767454141992589 -0.0206939375605425 0.180499761915348 -0.0578152255236823
-172.044879704072 21.1513733119061 -113.171587036787 0.493748325311635 -0.0384025145341275 -0.868756489546646 0.0444709199753222 0.998832300810725 -0.0188778212116898 0.417731182213795 0.27029156742282 -0.6982801791294 0.299263094601757 0.0559817237836536 -0.213249343792429
-171.702617488881 21.5085553340696 -113.106747092656 -0.177558767120653 0.0342932415561795 -0.983512510241818 0.157222655810443 0.987544651635636 0.00604958889181202 0.56662384324955 0.105783364908261 -0.159158088181617 -0.0429210076866656 -0.18164730555543 -0.367847919486997
-171.333225085756 21.8513039632566 -113.258449827843 -0.653587820438417 0.086512601343418 -0.751889972524806 0.291367623671347 0.945639299277108 -0.144468763194024 0.193181244434872 0.436194228821276 -0.138968051582273 0.280204658966678 -0.354517853873974 -0.252281575564847
-171.063418301327 22.155629155978 -113.645201732985 -0.99195241085397 0.117109672826686 -0.0481221272537273 0.122302467953982 0.984597560548353 -0.124938985487309 0.20550176454574 -0.000369172854898257 0.671704200183325 -0.226427016370093 0.419127147190677 -0.03600909246175
-171.034531010323 22.4613531836838 -114.058578317048 -0.862810405564246 0.270413501189597 0.427123802221845 0.128670003431634 0.934551804999804 -0.331748329292725 -0.576573544580939 0.355397457262831 -0.171188411407019 0.198283276022933 0.175374886106239 -0.628533201652093
-171.137947095056 22.8758513246322 -114.404651764199 -0.351537015391806 0.174211395702901 0.919821785139202 0.151301706597053 0.980188639457789 -0.127820282657756 -0.229288369963664 0.193705285243487 0.0493690538859306 0.181146459381579 0.507666265513536 -0.124043537640409
-171.187605087797 23.4371320094695 -114.446943288447 -0.125521870875419 -0.0474206695993888 0.990956881012833 -0.00641234367560878 0.998874902967317 0.0469873394716083 -0.212060890348372 0.040274730619048 -0.130894817292551 0.186928769554529 -0.145458841914071 -0.474381834205449
-171.347188763788 23.889911521762 -114.395159112021 0.682991325575031 -0.185967195230666 0.7063561789121 0.1928234138282 0.978646166579202 0.0712096322099437 -0.184789997589885 -0.378843190365252 0.0560798154207926 0.573335505624808 0.24264728882663 0.0722942753900047
-171.233559805377 24.2386930961137 -114.008387657325 0.959824081728961 -0.201338694555269 -0.195449385284116 0.212598877817634 0.976391384101579 0.0382306448139101 -0.0157700116084952 -0.0227207202951687 0.763423491762361 0.00695577727758866 -0.26324789692354 0.167051595160469
-171.001542026032 24.480764171233 -113.672004278052 0.49629151824256 0.0856360496061727 -0.863921984862258 0.229233460823821 0.946879757385157 0.225545439973765 -0.356801754632788 0.144048371885109 0.388358236405629 -0.571802023451426 0.450004954988539 -0.016144151886976
-170.63438909042 24.6658335076161 -113.557878760336 -0.286450699574682 0.563369788092331 -0.774958372158129 0.3467045744895 0.814988354694352 0.464316615835196 0.333875216137617 -0.637784854855263 0.262716504361866 0.114581994497166 0.444311516812689 -0.118458448658832
-170.246370343973 24.9852931058699 -113.602124908415 -0.863496185832943 0.502701822820541 -0.0408070384231075 0.392242065957467 0.720209163374126 0.57222803381638 -0.111776396361088 0.508110508085075 -0.0116021392895887 -0.0976010571193706 -0.377663862412335 -0.177565732416793
-170.045423458017 25.4859790628811 -113.602417188304 -0.759563659418018 0.127972968236571 0.637719347904886 0.495993921969316 0.748233347076017 0.440609677257455 -0.35724536817244 0.0677733772645684 -0.294216148286624 -0.183086451787144 -0.449791669291293 -0.417253005430833
-170.060526943991 25.9744580220362 -113.561752894691 -0.352025829652342 -0.277678625756153 0.89385255834268 0.646391568428248 0.618558089864671 0.446725676145709 0.325485286004891 -0.190273685124148 -0.39757999103925 -0.0545121889201988 0.103658713957391 0.443904594464094
-170.012001672223 26.3840770467968 -113.392842482505 0.0830526073632515 -0.629217989593472 0.772778743226103 0.53641280979167 0.681759941495113 0.497458219013401 -0.463463617672481 0.0194702916297684 -0.0290979950216916 0.119832704844612 0.180336053097508 0.670997046562128
-170.010806991393 26.6208369783983 -112.94142562102 0.727730056703122 -0.682044873378608 0.0722755509756344 0.564789430808653 0.655716067251039 0.501048239190269 0.0272113308289398 0.0720630515122103 -0.182279271717168 0.169312409652286 -0.190322670301179 -0.22831769477981
-171.701066710175 23.161482993382 -113.403111143696 0.435263018510289 -0.224795723391337 -0.871787237496786 -0.217288711085287 -0.965930517161429 0.140583967973415 0.161055145075022 -0.287485774364786 -0.265654986003272 -0.0107704595391824 -0.278893252341261 -0.381229396501157
-172.063574534409 22.8007881098943 -113.559457540359 0.868936774777987 -0.279455783018442 -0.408476861983613 -0.306311475909608 -0.951931277900327 -0.000349114778019578 0.316830437668787 0.20693048558167 0.103649914960971 -0.0920644718180563 0.0772802063827433 0.123074158510559
-172.221881116978 22.3511223826605 -113.867637715841 0.981531495349339 -0.0787834527810071 0.174324671820123 -0.0508927124994623 -0.985959623472648 -0.159039468988435 -0.278655399922729 0.476611516480161 -0.294145424177192 -0.088490559196917 -0.338818641856966 0.22745432236872
-172.094217871525 21.9478022657584 -114.202435612667 0.630979101519107 -0.0601251803363603 0.773466441505811 0.0538887418657366 -0.991187332957511 -0.12101105108504 -0.363612513510264 -0.386312762338347 0.257228839260443 -0.218005305478221 0.671239393004759 -0.0871840889063966
-171.714076493612 21.5739649799389 -114.28776606983 -0.100902678519621 -0.121571076405956 0.987440693332548 0.187983027740287 -0.976958027361663 -0.101071232579801 -0.155729542239492 0.237158554612285 -0.347629928093411 -0.177164527691398 0.185767628528536 -0.195824437132715
-171.526352481865 21.0779000147419 -114.226369663679 -0.363532274331095 0.113426937877823 0.924650536842607 0.129929431818711 -0.976685237628897 0.170892625192106 0.433910921221103 -0.27325826977276 -0.551583968338134 -0.0683810590298052 -0.267994569987225 -0.692448477044022
-171.26216981714 20.7442913309078 -113.999242554038 -0.853332450591302 0.0264417601846251 0.520696228223503 0.0989158690817205 -0.972363107422538 0.211484368612421 -0.0647759486479095 0.228847182946256 0.2716107540862 0.273090828531946 -0.0923409300887255 -0.390067029283239
-171.223189575865 20.3057697190448 -113.661167848733 -0.98508409180832 4.89036798950507e-05 -0.172073617020755 -0.0543240363985298 -0.948946643096708 0.310723619354658 0.300427021452836 0.52176185270914 0.344979121631779 0.109178186594876 0.345444115767764 0.096119929402999
-171.412922940249 19.902815125721 -113.364966956122 -0.799746519473405 0.0570747458908634 -0.597618589044608 -0.322034645556299 -0.880912644862454 0.346823585101799 0.134685725800259 0.134663000544656 -0.178260945127609 0.316655610179339 0.122233982356636 -0.156787559129734
-171.822468170385 19.7079037205483 -113.09861393107 -0.307238573910901 -0.292015322519208 -0.905721541156662 -0.479922183556399 -0.774313985966372 0.412447025528525 0.163481851830577 0.176188062280974 -0.0428594935193425 -0.114821754400752 0.0998880162612974 -0.253955612225283
-172.292261899542 19.4253280121401 -112.962696756538 0.29252601417338 -0.367713059499336 -0.882731916781914 -0.458868957505633 -0.863864808636128 0.207790452710796 -0.0886380042789106 -0.275628165373849 -0.25232089810077 -0.0512215293211351 -0.0813268991113423 -0.685230422054129
-172.684246764716 19.1719844620652 -113.049053290156 0.64341098961216 -0.556104575534419 -0.526089345564025 -0.54736369190041 -0.814645024453874 0.191693695571084 -0.764127504622291 -0.180633273929893 -0.0188033983168772 0.153012153854946 0.264973011409411 0.0422736389817912
-173.004226049875 18.8331565966412 -113.2592663008 0.833147020438843 -0.549815432531761 0.0597413799957 -0.552636548594011 -0.831834417552634 0.0514232139502009 0.0955530545223811 -0.167328773631647 -0.141676471264109 0.0887620176742733 -0.0928007157557043 -0.107034882956353
-173.061868622385 18.3981071707464 -113.557058477844 0.6889758678231 -0.524251387952435 0.500472512519271 -0.517316925728932 -0.839332256997634 -0.167046582478135 -0.0539829612670943 -0.063209182925617 0.376660086537003 0.0798030642697216 -0.442856424103904 0.303506850189108
-173.08529982247 17.9202718092064 -113.84226353662 0.382127729710613 -0.270360866508321 0.883676071899134 -0.377293601568814 -0.918560634557434 -0.117880867220584 -0.390626256324332 -0.0738896080691286 -0.0102149405021194 0.241037186683034 0.105337293072359 0.152378777859865
-173.137135219136 17.3948865001087 -113.989263333769 0.119599611419098 0.0543337358314018 0.991334342237272 -0.307783730943692 -0.947279768513007 0.0890517553579046 -0.32682647081791 -0.260208127221782 -0.355878048948905 0.0548165121427516 -0.337693414133055 -0.397006038587311
-173.004945205172 16.8786825882706 -113.967454777672 -0.540771759616527 0.221040180459757 0.811607751702485 -0.334125632646772 -0.941918590192618 0.0339032602848811 -0.497073643016432 0.0146701645908563 -0.0604601281846687 -0.115882823574508 -0.541340094560312 -0.298579968747013
-172.894508162372 16.5383200520085 -113.659642296757 -0.950293569008985 0.16427637293386 0.264490842933855 -0.129533464525559 -0.981071370639633 0.143944597951008 0.258758103962068 -0.0674288652637413 0.304662157531387 0.163180548067658 -0.185546385496928 -0.462910238345093
-172.93429642651 16.0934692979101 -113.323820480852 -0.950418308940945 0.119182069063198 -0.287229302898659 -0.212713274738729 -0.922917930347821 0.320898047037406 0.0577723825082304 -0.0390803805702608 -0.228939298670318 -0.289050423337338 0.297500114708064 -0.11967124507006
-173.19172423425 15.6745966328462 -112.947429861252 -0.735691943040875 0.141712581461544 -0.6623253801571 -0.428461247313779 -0.85471969295311 0.29304471677282 0.271606925807072 -0.722265425960341 -0.0632959764363205 0.00250990230560896 0.193171985761644 -0.395079506226638
-173.636072693294 15.3396903539763 -112.813295655441 -0.176132964716885 -0.00681602372639451 -0.984342786106853 -0.640725275896436 -0.75835040433422 0.1198990620212 0.481702498069688 0.0517551695568703 0.433731289685237 0.0778477138858635 0.247792149784308 0.881958649319376
-98.8451924914395 47.9263880374265 -108.217690842452 0.307295006965239 -0.152134052176275 -0.939374796799797 -0.00753474864248891 -0.987496204358786 0.157462611244341 -0.390429144286444 -0.0370373601571573 0.096285098472959 0.598382061955929 -0.430282872137139 -0.655352187397133
-97.6969199147774 47.3113660295524 -107.532492093919 0.74647497994629 0.594920167613268 -0.298068949206702 0.223958747947873 0.197186140475172 0.954442300624887 0.0953964110325344 -0.670320466729028 0.252976268973198 -0.355958873558551 0.159060874505557 -0.161426862640475
-97.296020722459 47.2264355710255 -107.167010440573 0.197147287221604 0.88058261482791 -0.430937588989404 0.558552911517029 0.260358248936307 0.787548238044292 0.207252581013993 0.423913585769076 0.225138744858946 -0.373849735812313 0.250536030070007 0.74629391441496
-96.7886597526063 47.3419367426443 -106.945580845813 -0.273906757184558 0.919883560666246 -0.280694359018184 0.662608091722298 0.392031877360506 0.638170450520339 0.0845196676974264 -0.020791493807756 -0.673588383304759 -0.218447794767564 -0.236866374521188 -0.369979782144323
-96.4209317287997 47.5876440095568 -106.930630548221 -0.521828317290127 0.594772832818904 0.611506733090267 0.828113992675145 0.181140908865482 0.530485802138962 0.167762179561174 -0.0493638159622891 0.248446052306269 -0.34923923429791 0.572029672073729 0.381549771949465
-96.0635488034796 47.8968864864687 -106.66271110389 -0.661752155269334 -0.21418645705043 0.71847633684943 0.72993733621263 0.0346424043767856 0.682635619508538 0.350747584198297 -0.113831733058337 -0.202368739764615 0.381637944229433 -0.154135741327325 -0.416342948276723
-95.2462029555638 48.3644337394303 -107.792656108078 0.415404802284743 0.906002041755775 -0.0812351560172146 0.768927755339331 -0.302030907209725 0.563495730382129 0.484691878834092 0.0711017717226241 0.250108836457201 0.157012223636422 -0.17952360168263 0.664190384507789
-94.7337737980327 48.2133793160381 -107.727442306791 -0.153090039365253 0.871702804099618 0.465507960374479 0.66938540919604 -0.255059612052186 0.697759104745498 0.204499124381174 0.288749286285764 -0.359988296520767 -0.654421775252972 0.313237428904395 -0.47585376666387
-94.2977287852865 48.1954724688294 -107.554129860925 -0.702607645629702 0.223894425166866 0.675435994511608 0.510435913948946 -0.502764289568461 0.69762686795007 -0.0556845470778866 0.084589648822482 -0.25703120081747 -0.257265556092928 -0.518026688343061 -0.142526642830125
-94.0786904713841 48.2387750122223 -107.108154738016 -0.899515119233008 -0.294088178129828 0.323086201741123 0.431372417798227 -0.480698867860924 0.763443799896323 0.420405357920048 0.00154311461633795 -0.191847495622923 0.659177649446565 -0.0909517401612437 -0.0106366545442305
-93.9943110728168 48.2057792838173 -106.609719266515 -0.588313093766794 -0.751622801260991 -0.29824632156512 0.43803637019189 -0.6062469979013 0.663768571058298 -0.191097254132219 0.467115099918095 0.713944943778173 -0.118977195071195 -0.0201966874618353 0.532085237128304
-94.0196593036542 48.0104568407447 -106.175929167473 0.110594996837095 -0.780409228181331 -0.615410581030276 0.336817738532426 -0.553136022943454 0.761967421306319 -0.141360329708521 -0.114876086667424 -0.538716737088313 0.0871783190901248 -0.248408426152949 0.240387944165006
-94.0334582377676 47.574489737094 -105.877594215671 0.630564402036989 -0.256902211046526 -0.732386365822809 0.624752531407389 -0.391886822303538 0.675358418178744 0.224699813623873 -0.887039884590683 0.0771250742923741 -0.1454063239712 0.284525387697743 -0.167952007079721
-93.8423002818026 47.1560884400393 -105.718361129116 0.752402166878426 0.583243620574575 -0.306133726230403 0.49977294632197 -0.202720072011914 0.842099503935338 0.276094927994559 -0.163176752772014 -0.150811302070049 -0.136072001112036 -0.10088737864059 0.337745478840184
-93.4439146431287 46.9650648186608 -105.48536595726 0.252626363500357 0.967182586192497 0.0271618377614357 0.479546801303387 -0.149539996461932 0.864680666383756 -0.309431862648564 0.381904422745914 0.536779299942186 -0.183940395552189 -0.370406017242007 0.368735793876793
-94.8596328797336 46.7574365984983 -104.989334934608 -0.86937501545764 0.461118222049818 -0.177643091032672 -0.493877065464184 -0.822813141001096 0.281183177314 0.353509803763687 0.459582620812437 0.350874019974272 -0.538994128633527 -0.293241330386895 -0.156063775846392
-95.0953410336701 46.5164885326913 -104.702256023678 -0.677548177985506 -0.0573388266909721 -0.733239882618385 -0.395128604485717 -0.812483798774301 0.428653079595202 -0.505077482985791 0.30918598321284 0.144975269934676 -0.133697856997658 -0.0297899557164333 -0.00124180842150982
-95.4211009319039 46.3938186785544 -104.503064976841 0.150296371091041 -0.609014952389514 -0.778788667484873 -0.248025257273104 -0.785771478918357 0.56660979048466 0.101573377913604 -0.440149783864408 -0.137957804920796 0.525812706698931 -0.399197395511416 0.514611920937282
-95.7914877314795 45.9648549612288 -104.49605471745 0.519393125868475 -0.45840015547049 -0.721179643546048 -0.321648446951194 -0.886749741102026 0.331989718559738 0.00807276374290254 0.219903327840361 0.294172002210578 -0.0984691994298098 -0.447609883881013 0.442740545588
-96.0371041669845 45.5428671150976 -104.519484865687 0.978188285991825 -0.197950721685449 -0.0629538635238937 -0.124358215474659 -0.80083580452506 0.585830221510173 -0.00735052977952586 0.103550747444775 0.285070345350238 0.141752759969979 0.14259328829537 -0.268723421506579
-96.0275976130226 45.0665361371446 -104.426604851974 0.797916966356994 0.302889467788239 0.521139602316508 -0.232695729583525 -0.642770229329175 0.729862404650157 0.140731162464206 0.560511413917181 -0.169052615353872 -0.545618087026052 0.14347161455401 0.197305842458677
-95.8382949666449 44.7095100928998 -104.214646757966 -0.0112329886585681 0.652413371734682 0.757780055390468 -0.259740899970733 -0.733718385416435 0.627847111790995 -0.25690990720671 -0.187600325335169 0.195231149909455 -0.143845265422522 -0.228957011095317 -0.375699629376195
-95.6369471219436 44.3913827969563 -103.874687106325 -0.675051206068554 0.678913684899667 0.28875954987038 -0.241877712256273 -0.573421478883883 0.782740684945079 -0.449202557752603 0.173745422139473 0.553920040819562 -0.344930142636611 0.171793933887645 0.0330624328338858
-95.6527503423709 44.3363395330157 -103.364094538936 -0.953094467258195 0.110913523226179 -0.281618761532989 -0.302178252306129 -0.40186452123851 0.86440338407653 0.43731886628427 -0.00239878738416152 -0.630000798518142 0.26637106050372 -0.0700701548918642 -0.0398628538941932
-95.9392610640831 44.5535873195644 -103.118752185394 -0.652384100986093 -0.75759379215956 -0.0211336428915076 -0.0337740820231257 0.00120394791071806 0.999428767793345 0.436151335545712 0.218251255186317 -0.134473130705379 0.232126924828747 -0.0174734921680549 0.207102093955358
-96.1822555440272 44.4763073081414 -102.702819561445 0.118998460347957 -0.969233739619421 -0.21546536709682 0.120476413577136 -0.201308875505391 0.972090618417 -0.370666568655791 -0.823916300317026 0.0153174955129518 0.128070714196725 -0.134163953309992 -0.265612810170164
-95.1532789068774 45.447689129566 -102.480179080749 0.153448638952571 -0.368925976179239 -0.916704499445596 -0.180061939017844 0.901720550576077 -0.39303657181732 0.317341316462108 -0.231504320664334 0.39362629129676 0.267646676598415 0.268441212718183 0.243964289545737
