t = 1
b = 30 30 30
E = -0.837384302718536 -1.13556449820181 0.298180195483277
-167.175600112024 23.7598030028872 -117.581875654729 -0.869144599748392 -0.479656255350636 -0.120488760601194 0.0406151572168453 -0.312033239391032 0.949202647762526 -0.524574322417582 -0.517565285123214 0.324397185480549 -0.334910588431814 -0.263885999422421 0.151404755197923
-167.383126139317 23.79943125067 -117.044445683747 -0.468834234869514 -0.788091692999483 -0.398880863967583 0.0935549557024224 -0.493352906739205 0.864783429348351 -0.0458830619232738 -0.202408842370708 -0.0260494765760207 0.0217347980708133 0.0378836145600202 -0.35866796179941
-167.686735084314 23.6223354549931 -116.654143313303 0.201749107081531 -0.887805264517791 -0.413641281893261 -0.0992966820003509 -0.438689534515251 0.893135858226795 0.133780013085413 -0.0908489090871109 -0.238164885312915 -0.145224276873301 0.0571764923246809 -0.396911055144714
-167.999463769198 23.2785274759614 -116.330665744626 0.59332324911628 -0.728750328742396 -0.341892498332374 -0.158320147639788 -0.52208010420279 0.838073442871757 0.304893110653831 0.230809553468186 -0.403539368971066 0.340147962054268 -0.284580759867734 -0.0306163832725996
-168.076632953299 22.7746244780161 -116.039321129875 0.957047626534278 -0.144240391938289 -0.251504572281687 0.130347242689775 -0.560794478268315 0.817630203372491 -0.1010066608346 -0.82004932529519 -0.14114989103846 -0.0910507053020605 -0.156472618619614 0.198728769535611
-168.077041583127 22.3421279713865 -115.820459821095 0.956128436276548 0.292613961178815 0.0139815259041112 0.204845514458919 -0.701935349187363 0.682147403987787 -0.319127071618748 -0.200820723179559 -0.723283106138324 0.166099551361439 -0.403698203743277 -0.0855875319143746
-167.833817672733 21.8726453756887 -115.563907260667 0.679504239950341 0.733544211718123 0.0136703088606819 0.412034903614428 -0.396964716086387 0.820150140148682 -0.273245662353469 -0.477335147966689 0.141169286820513 -0.17835662705361 0.205122914007952 -0.572948689214476
-167.394053650336 21.66385206408 -115.355136101914 -0.0064969364894246 0.89417575331494 0.447668975918493 0.228570429323685 -0.434498782453359 0.87118675775366 -0.347211444257594 0.191208046246807 0.459345131419851 0.136055047675614 0.335019585304803 0.47644923993156
-166.932827225675 21.6837756783317 -115.179004356061 -0.477430392581921 0.551430760431127 0.684093806936899 0.498052309027724 -0.47157017273304 0.727712491070946 0.366834620079524 -0.320296536999994 -0.260042987261486 -0.183324486412522 0.281235363886671 -0.026372325046689
-166.57623799918 21.672618709528 -114.91089152368 -0.799657833415385 0.135679118254602 0.584926086208391 0.518631588160723 -0.334853474111305 0.786698434368263 -0.254761602191533 -0.00938293620110643 0.0310142636204571 0.47415106851082 0.690835011453788 0.243539676163748
-166.353285087486 21.7608840297513 -114.418934834525 -0.911098114298047 -0.138184530276471 0.388336531522355 0.409065394218311 -0.187349805838154 0.893065257137139 0.0494803565741289 -0.324945717514322 -0.0686690339554057 0.218888560487048 -0.0903462116498263 -0.0706355081499624
-166.297849441419 21.8761335852759 -113.883431067637 -0.921888981133716 -0.360806957849798 0.141205685549179 0.169663109767727 -0.0482782554020202 0.984318870711763 -0.629661199938358 0.307355608545602 0.109024352416186 -0.0534873697184836 0.150612161462611 -0.7431862071891
-166.434162625732 22.0182363671425 -113.403641653403 -0.333666343823187 -0.929594627819206 -0.156590545465991 0.0875237568746666 -0.195941336609691 0.976701891362022 0.315445972530271 0.071887315159174 0.110396118649529 0.0888458500242121 -0.11334570694363 0.255945980446837
-166.591542394895 21.8819697289462 -112.881547071617 0.0541104650629152 -0.907870774677099 -0.41574356766868 -0.0724576425127978 -0.418825893643977 0.905171122415432 -0.143423399015127 0.136896713305433 0.132798524237598 0.367392710106 -0.474221050495271 0.0823552823122937
-166.865058578223 21.6634006771851 -112.458975516489 0.524354222517829 -0.712771681171307 -0.465842441011927 0.15993835880111 -0.454903097527054 0.876061010001187 0.253974290415468 -0.620459479710316 0.144023463863909 0.0398291812196218 0.169542034470971 0.21185112041659
-166.964184130275 21.2058811589057 -112.121772732568 0.864599921588733 -0.310693488439642 -0.3948879990959 0.251293480399612 -0.413182310931349 0.875289646141253 -0.034695973064566 0.362895901931988 -0.273461363957341 -0.302605251688935 0.495452193234281 0.369082814877296
-166.873551881678 20.8253483635502 -111.848645290413 0.935322812546322 0.329204327341333 -0.129598407359731 0.25807679041402 -0.384283512074611 0.886409923566518 0.25786430927435 0.432077101683853 0.167623593371821 0.143234334223404 -0.30894383493908 -0.285394970449934
-166.586110089406 20.4147051613318 -111.618287750212 0.632478462604812 0.773950881786551 -0.0311613048968517 0.440381843707771 -0.326205535098878 0.836453095279944 0.179594079448583 -0.32618263586097 0.0409261655225254 -0.0189206492246611 0.000113139002942337 0.281626469282455
-166.125528496217 20.1401150549344 -111.382004617259 0.143889674991325 0.965268710924846 0.218064387602327 0.481799895631665 -0.26081011129179 0.836568554523346 0.0722350082760298 0.0117168125974402 -0.190278087282275 0.269922401505616 0.139392920191034 0.334629801236985
-165.692815570278 20.1815954480668 -111.137222824311 -0.572246891632789 0.651768778641938 0.497725782137322 0.389453833242011 -0.318134241933874 0.864358904554274 -0.074102966360167 -0.0982715202955221 0.115999096060933 0.215494321128887 0.370186598730713 0.31385558287112
-165.479971155968 20.233676126452 -110.753243668956 -0.921338559011899 -0.00261013206644342 0.388752423643214 0.375534513431749 -0.264596106259955 0.888235739977654 -0.272534288148987 0.421627609941365 -0.0164752531659551 -0.420541378581965 -0.213112936085112 -0.418398185944673
-164.191808009358 19.6531374566976 -110.35135504224 0.201526019646593 -0.747824697913802 0.632570537249034 -0.228820834703697 -0.663895033366641 -0.711958152054326 0.465206108292449 0.555969025291923 -0.0118900064726387 -0.0487450421325741 0.150445535807107 -0.193983694052546
-164.105443554435 19.3412307764176 -110.634974641306 -0.475041794401156 -0.590258061394415 0.652633675602965 -0.0339991450917328 -0.728794825411233 -0.683887535042745 0.233564461658137 -0.224569435242748 -0.142587481397528 -0.548905783871661 -0.298179477827352 0.239231348138791
-163.908169198322 18.9228426825557 -110.726978449938 -0.997157736283159 0.0697349273017658 0.0285217265407204 -0.067609059846634 -0.661154055379515 -0.747197651282359 0.0013304916830711 -0.459225679448505 -0.034597942556943 -0.0720361124656638 -0.174489933771438 0.284042287704064
-164.049310473272 18.4979989903814 -110.948764828748 -0.403306562153117 0.638233768496823 -0.655744976095569 -0.0259007715947427 -0.724285241848544 -0.689013815878312 0.219805732440165 0.410833796527267 -0.136426751979652 0.363990469318055 -0.388159086639462 0.398226758459319
-164.25915400745 18.1609376296974 -111.211526538875 0.380624298236894 0.61519748565622 -0.690403648045067 -0.103536734046489 -0.713554495712217 -0.692907011331153 -0.132397284731729 0.0522762560320998 0.825666157103982 0.273763484436639 0.160777929038851 -0.220120356850356
-164.488961117348 18.0389055008278 -111.627422858497 0.970173981163976 0.103473457992984 -0.219216080074923 -0.08138286904038 -0.712803102716891 -0.696626560923376 -0.548867424317398 -0.184598961124211 0.427459395882742 -0.225724574517291 0.148293546997882 0.00559674075847058
-164.584618487042 17.82272767919 -112.110571763696 0.888946104802526 -0.351949995288884 0.293097293697113 -0.00873672671938954 -0.652847699117611 -0.757438810309501 0.354278697889164 -0.146578662463697 0.00761035009253147 -0.0448910994797811 0.152960783077814 0.0240099296589191
-164.409331452984 17.6526406679955 -112.556895880817 0.327224839748029 -0.619614293494999 0.713443783033092 -0.0146274799594039 -0.758240651757396 -0.65181067101771 -0.0672865390661542 0.525884168865748 -0.0717239128575995 -0.0665462602261552 0.345867472725595 0.197635137586592
-164.001484274933 17.3691756369779 -112.712149794471 -0.627175233950532 -0.603143801303777 0.49281718808086 0.0691934737335249 -0.673370733472402 -0.736059860674067 -0.0220388948384196 -0.422331767973927 0.213820652590606 0.122471242256917 0.432396072412203 -0.120957340979031
-166.318264888946 21.0899129407427 -110.678748631092 0.536848901937891 -0.792304383997744 -0.289908640067927 0.0808328391934088 0.39034722804543 -0.917112366978649 0.0968798757405939 0.10744193756315 0.133511903914276 -0.129084353378416 -0.390458560758241 0.692586799289651
-166.038608724653 21.2681646333056 -111.038460921678 -0.238989468572575 -0.913465437898082 -0.329340139790254 -0.0311642758991399 0.346209339950782 -0.937639526064535 0.0309142556736255 0.178205409320079 0.140920767650154 -0.356414808920142 -0.360176362453894 0.250335320044273
-165.821910644209 21.3731725076163 -111.523417588652 -0.581648359142868 -0.807587459396471 -0.0974047315686585 -0.158933021348197 0.230263254587864 -0.960062043990771 0.282653552984657 0.0589204294543587 -0.0876829555397244 -0.399666055417403 0.418630895366634 -0.453759410622621
-165.749958566687 21.2164441172645 -112.067439760019 -0.922684749842737 -0.365327155915626 0.123243342855697 -0.185022157298593 0.139111622622104 -0.972838505487945 -0.514850086323029 0.154427696506191 0.111284921272112 0.754571680607144 0.22097959896642 0.248820470507552
-165.851629954647 21.0160403103575 -112.494479221902 -0.936838217640687 0.220641956217653 0.271387695233717 -0.219625155462159 0.2327802652114 -0.947406005478291 -0.781006704402156 0.153648503745201 0.416481929816819 -0.105164381021075 0.0140857083178338 0.0179847816521394
-166.12398018195 20.8463600224461 -112.968660200184 -0.626546369299179 0.629352977227234 0.45973304990313 -0.334588341097177 0.315548282273557 -0.887963920188229 -0.0545707227346982 -0.166542331332805 -0.108168804316871 -0.0665307874331123 -0.129082914228918 0.199168884762308
-166.49838489524 20.7609440922661 -113.292122382315 -0.0760942264663081 0.957255625238906 0.279054361454834 -0.409305641336405 0.225210988551678 -0.884165653373716 0.117044140206028 -0.149249079122216 0.676145215836707 -0.307243089818802 0.268952807576454 -0.0328868917695797
-166.890206077399 20.8597947718097 -113.518569896247 0.473086437324129 0.876691796548919 0.0871820892373629 -0.544506911295763 0.368747094981071 -0.753351049308467 0.0976956982221086 0.104862578824115 -0.202058557374533 -0.0464232750158649 0.138549227675261 -0.079026009579542
-167.210088767195 21.1560828763532 -113.862877946038 0.682123791138111 0.72407504263678 0.10209048042749 -0.41115134119467 0.495234373395202 -0.765308754713864 0.314692724247308 0.205449253574209 0.147558382284531 0.231777441613094 0.341786748225837 0.149739467153436
-167.452415619003 21.5727902771585 -113.94803920386 0.886168709641089 0.154311516086547 -0.436913005135024 -0.458687751031435 0.425743236404321 -0.779966822185213 0.0645478283117007 -0.412949858058029 -0.0102672685770841 -0.0572029783478025 0.0368765066738251 0.124965880847929
-167.489186733198 22.0370503298762 -114.146134811246 0.671188850388206 -0.392425493833142 -0.628894076060805 -0.412646327017748 0.506992239543666 -0.75675747623744 0.692934348005335 0.19269845695312 0.378328818485345 -0.434489526578318 0.210847647668443 0.0317007011075844
-167.476382131187 22.4506211124898 -114.370546243666 0.354730668329163 -0.679120469598129 -0.642620837445815 -0.303423433602757 0.566499633420242 -0.766167335035528 0.201662264157412 0.458592058658523 -0.172862824018016 0.436223678115037 0.14677288652919 -0.0740388019454407
-167.371916588408 22.7279012458039 -114.794859187513 -0.121422650961855 -0.876689272145179 -0.465480891056714 -0.0385456693636396 0.472761567587313 -0.880346938192947 -0.112347163187368 -0.0142540733717401 -0.259144711943647 0.157730800380429 -0.328950740712354 0.0700580329874137
-167.200449582097 22.7901365068885 -115.256349851564 -0.492366556387639 -0.802134140253404 -0.337869790290447 0.295380647553043 0.211156181052955 -0.931752832168637 -0.149404442030208 0.307051346365649 -0.432213245987596 -0.319849576849899 0.285067469483248 -0.182025221462232
-166.968716150152 22.6789018983091 -115.712499317335 -0.962515335037779 -0.197987903169655 -0.18537804620719 0.113900722015665 0.325233409010404 -0.938749090645515 0.138268484197281 0.493351809654125 0.439587855164458 0.077313730160607 0.289983902583333 -0.116664570425213
-166.959118262335 22.6208311632707 -116.293042695708 -0.991015994233567 0.0451861826533891 0.125878942124839 -0.0832591134775962 0.528141892785011 -0.845064530736198 -0.0615294536040289 -0.0612236898383701 -0.150225678778529 -0.340740050986396 -0.0540496152464645 0.343702125011061
-167.169032036321 22.5283322002513 -116.747766028408 -0.689674075420726 0.639416102176435 0.33984808072146 -0.152944782854088 0.330107885927517 -0.931470169702809 -0.140448818387364 -1.22309017067043 0.48875548012347 0.0946194442959262 -0.470842193364896 -0.00178442251548916
-167.572635515801 22.5217743914162 -117.130001676185 -0.011277359258385 0.910707147727875 0.412898670675408 -0.280148878535661 0.393510250314382 -0.875594819966819 -0.314200645573725 0.180495285300478 0.0635108778446258 -0.530574287726803 0.265766831840153 -0.165140752808563
-167.97003355982 22.8385761389026 -117.518750223702 0.444407460643948 0.777263313189637 0.44538045634431 -0.160918716896865 0.558350937036727 -0.813848510266177 -0.429028855055749 -0.257066056200871 0.442083974420344 -0.065989496388737 -0.106268053093735 -0.0174716866360919
-168.292695602908 23.1787561079375 -117.672943861293 0.911288706782444 0.411367710586824 -0.018152123218386 -0.247174408622324 0.511235279873175 -0.823130184317889 -0.141463617865325 0.00340707328080083 -0.258838883626027 -0.12044161574214 0.0729545868313333 0.434225942400242
-168.335204610175 23.5660831400899 -117.898665210505 0.897268032675649 -0.218939547484256 -0.383373906370477 -0.199242163448001 0.574097233490382 -0.794175627177799 0.00978631964566421 0.115236696731769 0.1764657566136 -0.350629600570302 0.453771260795998 0.22718983868837
-121.128463262867 26.0525043845865 -101.511425209692 -0.637290426959305 -0.744867605117529 0.197568121296181 0.674754926600164 -0.66319902300054 -0.32384077093525 0.500448370340904 0.419718080157531 -0.258135323431049 -0.116472102632872 0.305090989135868 0.0709701809190761
-122.003062835009 26.4263434481642 -100.949626383798 -0.754788414721316 0.655877235380924 0.0109316563958804 -0.629217827283279 -0.719196946085687 -0.294687425198175 -0.152676574763312 0.832626940992474 0.349840756668865 0.0284604418998836 0.0939238182896822 -0.53410458049938
-122.403362113633 26.0972431322369 -100.809856378007 -0.439581739470444 0.634049292338078 -0.636199174166173 -0.701544338687806 -0.684674053988132 -0.197628390294876 -0.578497642444598 0.460011250199791 -1.08997200675268 0.189679610928933 0.241676874946457 0.252168547762811
-122.826893569295 25.311839038271 -99.9663212178761 -0.946307593168827 0.279256942941472 -0.162841944627313 -0.0477536603613216 -0.61896952508545 -0.783961934622841 0.126124352387429 0.123083009205593 -0.149228394692464 0.0748396474359393 0.0232209999456267 0.327702757103592
-123.020439896291 24.9135481922918 -100.213351111619 -0.54683203720317 0.743650984727087 -0.384653007271057 -0.26916008941729 -0.591185947815901 -0.760297324321145 0.0198541526625481 0.0698414536463907 0.0573491996566035 -0.0959260056263949 -0.768359813146653 -0.15473557329412
-122.523542149587 24.152872399215 -99.5644283197127 0.287315311721869 -0.802889364253794 0.522320381009878 -0.767918824924843 0.132847004451949 0.626619782431255 -0.127777527404977 0.103153391179821 0.414237748662074 0.920988894433322 0.083152948974885 0.32269181342484
-122.915097302357 23.8639723729951 -99.2152771122501 0.744250697734621 -0.0835161432793826 0.662658247314004 -0.659232943696064 0.0674638283089155 0.748906241004659 -0.887186494370105 -0.50272025563962 -0.267517746977162 -0.524883901880531 -0.0698467598546957 0.792502262492211
-123.072936794746 23.6932890541539 -98.7981392013685 0.462870681213659 0.849382628727515 0.253574214952428 -0.707100398053121 0.181288622964162 0.68347894060964 -0.168555741932282 -0.288802426355702 0.111271678522117 0.0653531777647612 -0.266972150468454 -0.37498465515988
-123.272160302737 23.7329150143451 -98.2619281433081 -0.0932077221942645 0.891381782599848 -0.443566047136696 -0.968940791445217 0.0212826393037072 0.246375307078015 -0.0409523592454303 0.507119833069439 0.150384655271858 -0.261663757209216 -0.293939297970808 0.280555481005743
-123.801467844831 23.8623135723198 -98.0421026829026 0.102614668966801 0.427584961021054 -0.89813213438862 -0.988144706488088 -0.0598350259861492 -0.141385319976323 -0.14700730092238 -0.270772932548085 0.0527722095282338 0.0453741127494244 -0.26461308155912 0.208455443187159
-124.221514348705 24.2207401799294 -98.0059584715151 0.263842859083126 -0.34733981972441 -0.899856652664554 -0.95437036928376 0.0412765426998249 -0.295759100039084 -0.251304166499134 0.319287812412158 0.356857845371275 0.205024570106859 0.50992804574941 0.13390374047551
-124.50553672389 24.4138622375383 -98.2883342564626 -0.0946119622185753 -0.958228470998347 -0.26990141528588 -0.952988876025567 0.165572565476942 -0.253767467838002 -0.139830039531566 -0.377044064774642 0.181477023348774 0.58255271188734 0.14648638310182 0.76411803758167
-124.792557059242 24.4834356917495 -98.717410495981 -0.324606704305687 -0.77797355727841 0.537947610548996 -0.944884610140134 0.241043398844099 -0.221565235075386 0.0630217800522274 0.135060627275529 -0.00153049141000507 0.161570309997688 0.548440177181741 0.529752643569132
-125.167860582767 24.3479874297809 -98.9271520775591 -0.332446750273336 0.0561687743335778 0.94144794174854 -0.926361341288415 0.167908432102971 -0.337137099404754 0.638249724446497 -0.454904684299661 0.216867438120368 -0.45875905440666 0.270938694305315 -0.0738803927992761
-125.675780519773 24.168545583767 -98.7499351096469 0.130343009886964 0.572243271791286 0.809659396081594 -0.950746733070727 0.303777177736425 -0.0616447551851156 -0.317787995715137 -0.273696860245636 -0.00266280414678586 -0.0235326622587572 -0.179078661378323 -0.688185235504919
-126.245508721133 24.2551500462283 -98.4799650601642 0.514721121206814 0.69964417428897 0.4955403079136 -0.743504799232253 0.65206654370568 -0.148357123517324 -0.801341550947288 -0.00778327082341946 -0.0686391147771557 -0.392359007468293 0.163045363590074 -0.276676488365458
-126.567923041889 24.5450660414716 -98.2635680103519 0.619519151244539 0.675831100513969 -0.39930983561556 -0.771618410782316 0.617757782433247 -0.151592712176188 0.0849246753453068 0.19794185483141 0.429285693941515 -0.228416867050748 0.0963243001831277 0.166206330914754
-126.738203927691 25.0117782013102 -98.1539967259921 0.287385063426312 0.216141088811517 -0.933109240682369 -0.700785890995581 0.711545327143605 -0.0510135511568338 0.167589445802968 0.297236478745547 -0.283106281061434 0.567160717224136 -0.475586797437333 0.145380552258601
-127.978980625836 25.0640646606879 -97.5757501171576 -0.678872042323796 0.73373667758522 -0.02762676451053 -0.707137291841977 -0.643204088941149 0.293675587095318 -0.0194946332701157 0.544567668284711 0.283605688719019 0.296953686082706 -0.364868901854565 0.222285656334111
-128.322411678156 25.5441618300596 -98.5661860377972 0.318549054597551 0.922160938862271 0.219421290333598 0.815884714414905 -0.148895223421962 -0.558714905140566 0.0674186175954683 0.218353383370891 -0.417301695278681 0.469309622477826 -0.0895007003665325 0.00790544130019887
-128.086129700481 25.6227652550423 -99.0283827308415 0.395471269447901 0.441662524563955 0.805317756812216 0.914748289534067 -0.268334992678062 -0.302046186036115 -0.260601446823569 -0.251513267437732 0.266429361026209 0.0631690641749117 0.338243663570256 0.460115156800651
-127.696694687241 25.7331818957796 -99.2861608194479 0.268873091707615 -0.263004316707808 0.926572172012869 0.901623534202384 -0.269654237998855 -0.338173911621904 0.415934693468097 0.480048025299358 0.108236835759524 0.836416376651871 0.123599947840279 0.031401532579246
-128.550919746871 25.7807795233532 -100.551012347094 -0.812623432095258 0.31386878397522 0.491049431376963 0.360904352938024 0.932602126230573 0.00114986112159446 -0.0430772146049618 -0.364294951809381 -0.0532902644544073 0.197897405289179 -0.232245960549383 -0.418392197370189
-128.718670614722 26.2648493778094 -100.608120514689 0.082821221551179 -0.0287962211090308 0.996148293634342 0.349113421571074 0.937078473959487 -0.00193714240551204 -0.234707815388959 0.14233790638773 -0.129409222329988 0.317861624681155 0.0429781170236913 -0.0381897618524848
-128.87310964443 26.7028899423675 -100.571182465912 0.829252505289021 -0.137817594797353 0.541614801345157 0.343075859014034 0.890560451282782 -0.298665427481636 0.264976041870874 -0.0854840108832932 0.119999523060426 0.229150143189529 -0.110117704819157 0.100977271559651
-128.802485324385 27.2352437475658 -100.442890813288 0.891463877508436 -0.447341477348173 0.071956637925754 0.45260554193206 0.871850081683864 -0.187151431948105 0.13487585543598 -0.150570679339277 -0.0570977516949182 0.214122690996644 -0.243207565979085 0.22730142512899
-128.592725672582 27.6622157413646 -100.306236483679 0.534533204908028 -0.522468599766129 -0.664304760715421 0.41647515796435 0.846797824746834 -0.33088047207806 -0.0056354072045419 -0.134417437313808 0.730935159588618 -0.310208740118175 0.201570966491112 0.241430554421423
