t = 1
b = 30 30 30
E = -0.809955832743549 -1.09465094806096 0.284695115317413
-175.875032924378 16.9323551708805 -121.211196261761 0.096327249352044 -0.974186810989766 0.204159541353959 0.710641067657371 0.210929027663484 0.671191640478135 -0.0304097113307737 0.395290984105552 0.431345498874453 0.474925748353102 -0.782429604256789 -0.0558094501711128
-175.813701922705 16.9694227046824 -120.6257063636 0.534483839681235 -0.79473506162374 -0.287616423288925 0.735607828872638 0.269855900099042 0.621336394622928 0.231035745135051 -0.0107547644448056 0.22481865325932 -0.676508520844546 -0.0860822502534294 0.212190708771384
-175.608302560327 16.907500333607 -120.143405474637 0.641671952764523 -0.365171355148889 -0.674467928380652 0.745937265652912 0.0925576844929593 0.659553387339917 0.0947148053022599 -0.124246548096968 -0.0559766134074411 -0.0218998252409028 0.00277534025775043 -0.380064053907486
-175.283781462201 16.6733170114121 -119.81542815773 0.641376355744227 0.204384337671295 -0.739502138473527 0.729203224368746 0.137279999604851 0.670385604916093 0.173638432120901 0.457901893995557 0.0558274365973629 0.413985010497196 -0.225595281449256 0.143123936078646
-174.806504291661 16.5117277059636 -119.554149003272 0.31142633786269 0.603455481059121 -0.734067516285211 0.801250636781315 0.248555429814794 0.544258776104824 -0.346301030082472 0.540557965412232 0.12071532703322 0.16951481445824 -0.314910362078808 -0.016815104452245
-174.289935137564 16.4983997622416 -119.528055133072 -0.127188288420071 0.908596300461965 -0.397839040411573 0.886086909517731 0.284326050740107 0.366071967858574 -0.106092708512185 0.162817700312501 -0.431932769728186 0.0230006989151361 -0.0121851777036658 0.381263805666671
-173.796453070642 16.676389515136 -119.602435404743 -0.510755860671608 0.856192526680087 0.0778640356440145 0.833349050690459 0.470788891031459 0.289632836181741 -0.105497365479292 0.298413854773133 0.502272160417506 0.181107395263275 0.185925950055122 -0.459032381123025
-173.446378788136 16.9189625461934 -119.721652925983 -0.536180918389589 0.681732628345336 0.497745563721322 0.788634003237473 0.614817759437314 0.00745195397986885 -0.272962329348301 0.152947349998727 0.163347197586386 -0.443134838125118 0.52946893179837 -0.0360927037984988
-173.319686953273 17.4297186751812 -119.899506241273 -0.32910344089626 0.217478102894226 0.91890924467641 0.634121712235135 0.771956921088935 0.0444090762668212 0.156520090134103 0.0102876370006508 -0.229576175473176 -0.284127652698091 -0.454260386063357 0.237198064790841
-173.312252698267 18.0111265274911 -119.884973242181 0.0916875075772066 -0.186760338697862 0.978117568006904 0.587314691210738 0.803362282687447 0.0983386813174253 -0.105459534147511 -0.136986725602218 -0.141594898150575 0.319130276165712 0.138402410113069 -0.0572313162937654
-173.273376134679 18.4915974251595 -119.686603690771 0.508649785587873 -0.548378218458147 0.663744472777046 0.521154415298391 0.809751784277253 0.269629603854617 -0.00388256646297771 0.805339934858057 0.00143232166302472 0.268711687231826 0.049563736615322 -0.459815068561724
-173.315844648708 18.9057923531029 -119.298213858585 0.762888794681733 -0.572409385723379 0.300579743304228 0.461917659102305 0.807854392469591 0.366064689333775 -0.143473691286146 -0.608308123687509 0.330509024998058 -0.0869603060983454 0.350105991738108 -0.229333690177029
-173.183649908542 19.1662705317807 -118.875124460009 0.881582749593885 -0.39682661929802 -0.255617858990702 0.472028641257774 0.742166470577126 0.475791857626245 0.268292916065988 -0.363472586938884 -0.195120014401605 0.132891470138383 -0.0130881098234309 0.0535426991886732
-172.805698357554 19.3425464161939 -118.546308506284 0.566407963164004 -0.00236067471867176 -0.824121621169641 0.622342828686294 0.656767800726858 0.425846755900697 0.529167455795089 0.356230946055544 -0.0482625311346047 0.311578846014587 -0.653223146528604 0.148070387067862
-172.308458679021 19.471331428768 -118.264554709941 0.208864815743095 0.0504000197629904 -0.976644933818065 0.652067900799463 0.737092387371817 0.177488774928153 0.0530261741462879 -0.164491434617504 0.13843208248401 -0.760509259212843 0.108799535680926 0.0204991622799078
-171.829459654768 19.5166370339373 -118.250357952885 -0.247011548498237 0.615251060009223 -0.748633039656966 0.689381802139585 0.65450935806054 0.310435550621957 0.00671070212117683 0.0182607986044242 0.407914715080396 -0.00521066020724619 0.128725173838269 0.176702041502663
-171.340451633328 19.8640435857194 -118.348883402003 -0.707100205807157 0.598991310512615 -0.37579077806388 0.547583577266642 0.800092941132313 0.244956141907309 0.166878573090218 0.485094608658959 0.0348993786191457 0.281813558764647 0.0620843264609852 -0.255974463552782
-171.069114720301 20.3063763321854 -118.512685552912 -0.904201402426006 0.35061634131001 0.243901629878167 0.404659953372037 0.885950103110824 0.226589357505734 0.337473900523049 -0.0958824448077927 0.748953523316277 0.277082073623 -0.155484245778717 -0.253304035576108
-170.961581354882 20.7614969942701 -118.658503698976 -0.761094986019328 0.0406616403767752 0.647364698804397 0.323554910042151 0.888800172517439 0.32457121486753 -0.176052601251776 0.577274018677747 -0.325712562765779 -0.0531290004044373 -0.182939632053977 -0.349693541507512
-171.089742598871 21.3116488766236 -118.618314860219 -0.360803221690163 -0.323248149670323 0.874832366200927 0.329505184846111 0.833340314724332 0.443813308739928 0.355981504803012 -0.0224135986992125 0.024502584667745 0.18516005471104 -0.046677476528104 0.531157148401738
-171.235555431299 21.7398639401428 -118.323155821564 0.24406339124233 -0.652716941823717 0.717212419657933 0.1451457197509 0.755833877339716 0.63847307688234 0.152965982011207 0.639625091725501 -0.547516688684178 0.202782885892674 0.533808463816985 0.283403848562551
-171.339203903995 22.0660697250994 -117.910548857879 0.609420993406916 -0.699585305315702 0.373077007307156 0.312183158495799 0.644274528312717 0.698177633356306 -0.0253557014360894 -0.0243860203761362 0.134614832075339 -0.0183796560470758 -0.261878856155845 0.293337236934983
-171.30477336822 22.1342161738305 -117.476599954561 0.919560060010777 -0.0572937790541288 -0.388750201176376 0.304196861049524 0.730046097802819 0.611961571351087 0.202224243786923 0.13945711879095 -0.047344192910978 -0.506788593368536 0.279634049304935 -0.126906658199196
-172.389043920684 22.046484483858 -116.941320421858 -0.850545115804427 0.215967646615832 -0.479511190272399 -0.19461923841091 -0.976314841897568 -0.0945128643671575 -0.201401677356354 0.0840562895503036 0.608095444589143 0.265764786328137 0.210369654115529 -0.251841547691074
-172.615501624959 21.646840323348 -116.761743255548 -0.11118383426649 0.164267381034835 -0.980129778409858 -0.320320747435241 -0.939533323616745 -0.121127010101792 -0.489810949790833 0.172174568493195 0.0182006680736593 0.0999088670697274 -0.0232312631802283 0.178988430437269
-173.024569193849 21.4271518425963 -116.799688705331 0.631600036571432 -0.159587680580464 -0.758691746369969 -0.44720193276565 -0.874372766634953 -0.188368511959418 -0.157968901870413 -0.294806176452854 -0.466686261146027 -0.248078560591424 -0.265330369897195 -0.0277722913828596
-173.315977137698 21.1689267542636 -117.130046851649 0.788190298345972 -0.591117017732181 -0.171279668789675 -0.61541739638375 -0.755142089904135 -0.225880172400018 0.421820237146708 0.172295547043546 0.4344436816425 0.220895425074433 -0.62529400085612 -0.164612404894564
-173.861124831714 20.3994341286701 -117.219484264112 0.242144354806805 -0.777393248542247 0.580539273913598 -0.483382266099564 0.422139938696971 0.766902508130837 -0.201984314781041 0.040777492574014 0.102858201809146 0.217728434437673 0.091222121638339 -0.305094817509584
-174.270412768047 20.3422998364218 -116.880650300444 0.807234041092817 -0.126914192363219 0.576425182202991 -0.500496503944605 0.370465488254617 0.78246953394461 -0.393648446508564 0.29011558720912 -0.170873134055377 -0.0136638192774168 -0.0356600319001512 -0.128106681986637
-174.864157208155 20.4068035385244 -117.614557373456 0.553544021315891 -0.828978302963582 0.0798998728475441 0.237319341183621 0.248970921782539 0.938985095945045 0.501542989376201 -0.286252319111705 0.0452516991523722 -0.00289527698173623 0.615814491657071 -0.148263307207039
-171.45813321581 20.8511165156809 -117.597523441649 0.251935208206547 0.465646643021933 -0.8483524354349 -0.485612679793555 -0.697440859101071 -0.527026159958004 -0.462105266733469 0.386024290816518 0.245229974924331 0.225232966402783 -0.296017632434571 -0.237432351437275
-171.851226046929 20.7466120415951 -117.86344117642 0.742830392863816 0.0294763517126526 -0.668830436005644 -0.442436810376358 -0.728161274937891 -0.523479537809091 -0.362812266609602 -0.163837554939111 0.0463075222332005 0.081209115243739 -0.250685048825723 0.0122285076480239
-172.141068273162 20.7913768065819 -118.359524844727 0.904946953827485 -0.383608091499693 -0.184162544764997 -0.424683696428012 -0.84138496297291 -0.334238091891565 -0.211787661595828 0.131986038409507 -0.452839714994585 -0.482995152521387 0.177416525213886 -0.0181869885121908
-172.171982970342 20.585541185684 -118.799022224243 0.676381000215168 -0.595051498229635 0.434076556614839 -0.357901983470082 -0.780606788050257 -0.512405320696461 0.113913576300693 0.471221808314362 -0.423702977734623 0.13972562482154 -0.369208613626007 -0.0709621417286911
-172.142666104436 20.2023099105138 -119.182075450676 0.223890738153049 -0.474711602460421 0.851188481981953 -0.481837906891761 -0.813073885325791 -0.326715607958034 0.122527251873317 -0.593793855629718 -0.315966584521749 -0.166658882381844 0.280122418693137 0.134846095896106
-172.076910868232 19.6320600521613 -119.400521340239 -0.136149123604713 -0.215557368732748 0.966953172044377 -0.369921215957817 -0.894384305007417 -0.251465721204081 -0.11060351899979 -0.295801397285756 -0.235401003124582 0.0515022031842677 -0.245357513665603 -0.0760489423717624
-172.158236664603 19.1010219554564 -119.494292093974 -0.442390773671816 0.155870447118416 0.883173146718783 -0.483041071646303 -0.871142790183083 -0.0882131635008332 0.17428861383822 0.116862108735288 0.248335683575015 0.2034133199668 -0.0279088073211482 0.00679300676587183
-172.165062072526 18.7198671827724 -119.222940878812 -0.90979136816812 0.354896857647971 0.215239138723363 -0.38857646836874 -0.910546512151172 -0.141114766907698 -0.430681258099658 0.0470916616087492 0.1677274889541 0.222833438728024 -0.140211691310346 -0.477750783313516
-172.331139527086 18.2834105797333 -119.001452837992 -0.857654594429292 0.440013389262922 -0.26611428733475 -0.442503836277507 -0.895141837403204 -0.0539578150975776 0.141939314291343 -0.00232177109453589 0.238962923031623 -0.401686745040147 -0.166420103380924 0.453082974702793
-172.698708788041 17.9255566649512 -118.811892639282 -0.583709016741419 0.488292781715831 -0.648732566701397 -0.659952919248635 -0.750757866937072 0.0287188023305729 -0.0644779974787819 -0.376369529485659 0.118462084720876 0.0618540881709165 0.44989563463436 -0.286808138203612
-173.214299617208 17.7110630418727 -118.714703870027 -0.0756237791215245 0.303982894369424 -0.949671229406349 -0.766631358588139 -0.626735837247424 -0.139565577199665 -0.106861416267307 0.498484077747014 0.170865850994597 -0.46364469178356 -0.967307729186585 0.20285721078616
-173.726368756196 17.7001034152052 -118.829045790788 0.329470473282202 -0.203849941663761 -0.921897178929886 -0.869074691266878 -0.447076573852435 -0.211735018624104 0.111803303429397 0.166951393983822 0.0174627262746712 0.307705272328146 0.362965413584405 0.430552865861659
-174.149077942718 17.6502223852697 -119.132251542159 0.617817505806224 -0.535837787113456 -0.575481881053375 -0.786320965925936 -0.421877825489781 -0.451351790630452 0.39833634491178 -0.324974373207432 0.0631598509540683 -0.398786276956977 0.457127635461718 -0.295925515332608
-174.440246269747 17.6370589215855 -119.55434835591 0.68642429832195 -0.715992024034831 -0.127189245582028 -0.578943849094032 -0.432217835315691 -0.691383947189407 -0.115335684006125 0.189571978547568 -0.0682888086082871 0.0776990679682513 -0.186232095236345 0.113284883559735
-174.431818328874 17.5590682101695 -120.007085174096 0.138480279875591 -0.904464841467621 0.40344338219201 -0.649209223391733 -0.390537337269748 -0.652692862272415 0.224436659828644 -0.00242756371188125 -0.190327384550961 -0.293309373812613 -0.00172835568460257 -0.0723025989616978
-174.513108020457 17.2757226603687 -120.439939132003 -0.11355438541926 -0.667028604732168 0.736327537187841 -0.448960499501769 -0.62668695844897 -0.636944209485494 0.611142690568123 0.10005022639053 -0.0977856459791693 0.208923477757463 0.0338277161946741 -0.612987439122538
-174.490471289333 16.8697962049513 -120.725788009091 -0.656074887787153 -0.211203304156913 0.724540479150942 -0.513291692695647 -0.57892421553996 -0.633544308530255 -0.285854480667068 -0.228344944689191 -0.593887097239119 -0.248648929445668 0.201168972588216 -0.0530516543035274
-174.762772589354 16.3394104469784 -120.866650890124 -0.684375512823729 0.367333393198767 0.629838340916412 -0.729116415249858 -0.349999661161797 -0.58812370314401 -0.178110161177743 0.102933519493988 0.315372554731433 0.0320931328354819 -0.138985739030391 0.182754246519349
-175.202708730333 15.9899242110654 -120.859565988976 -0.530092755297937 0.823562049939997 0.201859408201033 -0.780592513388344 -0.38098378796937 -0.495506489711869 -0.0973209257408928 -0.139308960977889 -0.228947380519832 0.367348515160621 0.259667614123039 -0.0114206014932006
-175.780991125946 15.7682138294337 -121.060954028915 0.00602281225145292 0.996822048938514 -0.0794325404516691 -0.733022547057658 -0.0496292140676555 -0.678391396331152 -0.0216220046977051 0.1462215724286 -0.202056568727831 -0.187539162577579 -0.422004725709019 0.0762843545073813
-176.199356833366 15.9247252756569 -121.286484864742 0.619880107189826 0.682266423144467 -0.387635370625522 -0.642810900516561 0.158190214516195 -0.749513176807726 -0.104962028170345 -0.33144004582922 0.196132116748571 0.135695581857069 -0.397063189453177 0.6421456955759
-142.157297534888 93.2742104623951 -109.135727512508 -0.947831342442615 -0.123271538135335 -0.293972573838409 -0.315028232368005 0.221302337005766 0.922920629548867 0.111265076942058 0.180185664980067 0.571681636830744 0.020834441783024 0.233315894082117 0.195889866573604
-141.022921281866 92.5855351642815 -109.251012594911 0.260901740290782 0.964494981083891 0.0409843064748772 0.31169706294537 -0.124344807673671 0.942010249283854 -0.0615847906736746 -0.0486583318670657 0.475534884727215 0.221935731841291 0.195068295556978 -0.201035500947184
-141.971976385868 91.7541873079669 -109.814474051481 0.772946344495092 -0.544177192199127 -0.326228649909767 0.0682353075399374 -0.439894165992478 0.895453552972298 0.0750980511833665 0.223298588195204 -0.167879981153731 0.606412682248383 0.404172460592617 0.459409664175693
-142.024631766809 91.3858130809205 -109.470731702304 0.892311027703424 0.450060015599006 0.0350287338892309 0.0760205146895252 -0.22630282891412 0.971085944173741 0.438269534892695 0.267617591365866 0.000306213334700378 -0.133869875715748 -0.0834680381224919 -0.0308863048917765
-141.810562841318 91.0792215072307 -109.116411501595 0.481609523190123 0.873881104451943 0.0662124040828905 0.183841331026812 -0.174610152367229 0.967322934544914 -0.236014788512585 -0.140539496603687 -0.0467949550581909 -0.368173623673491 0.228383572867494 0.0299884934995949
-141.414402274315 91.004267647539 -108.753795153577 -0.142432265727884 0.986046887058151 0.0861660385682971 0.22606811278075 -0.0523450390287919 0.972704068703747 0.00291405270743233 0.2067614455032 -0.671684768348216 0.459217193554273 -0.787536021068112 0.398901770854298
-141.499436456168 90.0511396795396 -108.243761105942 0.811078249079964 0.365663833827151 -0.456554525221478 0.438815586083035 0.135723076332997 0.88826804961189 0.0939983710821511 -0.493196260904368 0.231421102957194 -0.0386701003481324 -0.38043708280778 0.185313499845155
-141.940082862956 89.1247449505901 -108.020999810234 -0.662265149994107 -0.43400252473334 -0.610775473990541 0.744293623380156 -0.287269475777269 -0.60291230745631 -0.0530503598603995 -0.511186361318123 0.0827612126525895 -0.170946586940152 -0.457542523237455 -0.532917334463515
-141.636278863963 88.762183300719 -108.138615496731 -0.628127528234452 0.350506017496582 -0.694695141751231 0.624171873278466 -0.306125064007216 -0.718816331057265 -0.184231492011374 0.0566386244169391 -0.243744326338842 -0.191752117604688 -0.0499643139527108 -0.0600035073443036
-141.514381956139 87.9892460375284 -107.350573103149 -0.505089889455935 -0.603226582204364 0.617253508772072 -0.269372066234075 -0.569277197323221 -0.77676390398924 -0.0790001733634548 0.628911728943975 -0.377804829413825 -0.304513938820415 0.104493788112298 0.43793651455617
-141.52474169194 87.5850674904357 -107.675439943756 -0.898767897875919 -0.0316606154967405 0.4372800832122 -0.287158842000208 -0.711163738134076 -0.641705490879007 -0.0961192632941259 -0.244981127172663 0.496598937036333 0.887268712902593 0.135553005051863 0.214799385067052
-141.551982772766 87.1673744856088 -107.691382455731 -0.865870710840524 0.406177262571927 -0.292040996228445 -0.0676427085294923 -0.673465347782614 -0.736117442612819 -0.59307426562958 -0.227184517685601 0.288347132231187 0.105387070513051 0.34933035167669 0.505567944334364
-141.733516693443 86.7689410771539 -107.762620020507 -0.110590255315015 0.646388605543588 -0.754951366680514 -0.0592588054849971 -0.76254783412709 -0.644212072721846 0.0228205947943805 -0.143979881324406 -0.165971794164246 0.0648450435281386 0.491912985069123 0.35548042617745
-140.916592963952 85.472334748989 -107.164755874759 0.634269899679578 -0.739666523252759 -0.22493360962656 0.703494901755687 0.672846327585369 -0.228850917976395 0.10505036706729 -0.512037792238935 0.0255631152386717 -0.320318047488804 -0.443323939458492 0.386904610356649
-141.843262811777 84.9703440806456 -107.603768544319 0.561599058334828 -0.614289909699927 0.554305335098166 -0.655093880610429 0.0791179828635316 0.751393606822932 0.423556858107285 0.52654427378318 -0.0831370776165295 0.103239503787199 0.631691556782513 0.01568740869789
-142.286487366271 84.7727062955058 -107.267056245861 0.729883193417565 -0.114210579678662 0.673963253787654 -0.637637111615509 0.241570340676313 0.731479790832365 -0.149444375272627 -0.0965199255101419 0.148641986417416 0.717495485754577 -0.00645507601068902 0.0662597249075778
-142.607870153029 84.9095532177832 -108.540519732344 -0.295789815844311 0.904783316762575 -0.306391146332431 0.955233914902703 0.278126465880821 -0.100865439057684 0.0927340078548685 0.452942072558584 -0.0529869458480287 0.489608714222298 0.168849469432551 -0.121887094284663
-142.278602281638 85.1347811684184 -108.898552315587 -0.150024689046977 0.806620974830772 0.571712511354626 0.940065233224556 0.295479770792482 -0.170203003307476 0.0235131420272015 0.109705621344466 -0.145064233999511 0.164372080342607 0.122108664339477 0.185519027912806
-142.056207396017 85.4962559096252 -109.170779471804 0.227494528822532 0.00380038838245006 0.973771942707303 0.929466043257218 0.29738208576748 -0.218304304804909 0.581080274186714 -0.279467648249875 0.181113578595478 0.218681969144921 -0.0711660227244229 0.137358997383855
-141.797865614631 85.8764660443544 -109.205866384893 0.438302225414773 -0.618048749024478 0.652615432721089 0.898827004175597 0.302259552096135 -0.317410112837266 0.122809584146857 -0.483738096310369 0.169875564388297 0.191813635070921 -0.289008003501869 -0.181675958354314
-141.256727117382 86.0549323676658 -109.128968486169 0.134921039503938 -0.990733464379362 0.0156049882423007 0.904992650534423 0.116801215931612 -0.409079183576451 -0.443660704032831 -0.340555689445561 -0.144043135132373 -0.0461886448831561 0.132234899332909 -0.102765543154027
-140.773175509147 85.8952660670947 -109.064058813169 -0.15913041996007 -0.497693418149437 -0.852630500846681 0.98279131198434 0.0021985404853622 -0.184706262773721 -0.196344706887187 0.201572093633939 -0.611436030401887 0.49243172364838 -0.623596204140747 -0.451032850881347
-140.339435469459 85.5950470149098 -109.11010119043 -0.243400847492677 0.2418999636427 -0.939276548748827 0.968939494227245 0.0169816637994154 -0.246714165830126 0.114985551682306 -0.153450696352011 0.258860687023453 -0.547872460303503 -0.256019809029441 0.233175018746536
-139.960509842871 85.362799436938 -109.369377245318 -0.136074266457596 0.935884633810039 -0.324967300210769 0.985806689376217 0.0953535597725685 -0.138176951116319 -0.745914058592214 0.154718264903664 0.389065000069502 0.588214545072638 -0.185970497556255 -0.0451888998449073
-139.621598530016 85.4378313048322 -109.782307761279 0.095423179875779 0.899534092774664 0.426301340225969 0.980735230143811 -0.0116260555049089 -0.194995495302237 -0.103205392879912 -0.380122241352035 0.708212691918152 -0.333552129671426 0.206688943989872 0.479741191038578
-138.80201373867 85.1539585516733 -109.939003809869 0.620730118112465 0.778979048554361 0.0888018151921879 -0.723357662642616 0.525326847686568 0.448090833420975 -0.383522813383852 -0.683348666693449 -0.0814559936915655 -0.114079929569711 -0.186980540722306 0.562873064645038
-139.401528187353 84.9205235384543 -110.610636712492 0.341467733266687 -0.915144603189215 -0.214266521863226 0.923138853027811 0.369401952869891 -0.106568547172277 -0.221254868348145 0.426007215126365 0.0432339572893634 -0.0935936712153854 0.00729545213729835 0.282622123906576
