t = 1
b = 30 30 30
E = -0.771562507399211 -1.0590634205623 0.287500913163085
-173.824763033329 13.7664247900269 -119.684147464059 0.72009014320456 -0.225169458308279 0.656329871866878 -0.00242744817891879 0.94505984382591 0.326888358745131 0.612897925314658 0.325105533033955 0.265416009891033 0.380513250899421 0.0855438782858852 0.425858091171936
-174.017874016238 14.0312882825717 -119.284275546289 0.987825781397931 0.0717045135772753 0.138053208359001 -0.1146890397564 0.93525643776397 0.334875827405925 0.310698026160862 -0.324765420232336 0.316912001435297 0.180919519798649 0.0231205973199122 0.0804269285627753
-173.89232479376 14.3539483056039 -118.846903772828 0.846703022263677 0.112471284532634 -0.52004250042197 0.0644393845405141 0.948531159978055 0.310058388486308 -0.0827980923931963 0.63187595460479 0.0278147695767302 -0.0310582875976236 0.436863800849811 -0.215714747205665
-173.559074648265 14.8286653948336 -118.510909578111 0.40125890443684 -0.0115723754969174 -0.915891572040875 0.176658930588605 0.982124429848832 0.064986356548114 -0.243903455495709 -0.684510687159438 -0.732793943624761 0.112944856735561 0.136021656552627 -0.217109369072466
-173.197905586343 15.1584573588076 -118.432701363066 -0.14111547433336 0.0891461789370621 -0.985971288468681 0.352150984949886 0.935319412105931 0.0341654962884956 -0.266432106795889 0.144745511457888 0.0240791800438757 -0.382615643477434 -0.157590337600321 -0.457511326555589
-172.83710816576 15.4684986146797 -118.545360117296 -0.576168060319864 0.251499895042253 -0.777674847903017 0.485494492002821 0.870744460389286 -0.0780972658695113 0.359649718806609 -0.0943464414690101 -0.263605234085783 -0.289101762059881 -0.0958791074882811 -0.131926645408409
-172.472528350207 15.6849970567084 -118.81948879621 -0.884049551688063 0.444295433207354 -0.14511360443192 0.437319886589066 0.895859740163148 0.0786552143760584 -0.0133267302519739 -0.170072839183875 -0.183744641506152 -0.18849667858996 0.755147314761038 -0.108754049494972
-172.349340352971 16.1282192442208 -119.046465140132 -0.747688653593633 0.3393632591135 0.570783895753203 0.487711714830629 0.863982924374156 0.125183024435615 -0.244733907697023 -0.600095695925835 -0.665514715778075 -0.0370172634273362 -0.359514755231945 0.583147057599746
-172.300429924705 16.6490602723906 -119.168548924733 -0.544379405310996 0.0322826859550568 0.838217687275073 0.274982421156051 0.950910543674843 0.141964101036741 -0.00011144383139238 -0.069633205107033 0.392633583539809 0.415990792921786 0.30298277859476 -0.499213527024296
-172.475457503984 17.1424402296836 -119.145927331328 -0.0257069766591754 -0.209404730464533 0.977491079350662 0.201629709302657 0.956632160635352 0.210238839334375 -0.297673245362874 0.286734911192204 -0.0662392690771647 -0.327228967319753 -0.108580311469421 0.00633863894357796
-172.45541801624 17.5772925416897 -118.858717552806 0.300894122120289 -0.535817854833339 0.788899203774006 0.218290969791154 0.843969818070475 0.489963262596013 -0.392481584986593 0.0364048217454835 -0.0899008309516481 -0.153751703406774 -0.319316473501645 -0.0920000751270818
-172.596864373653 17.8698226788856 -118.508876266817 0.794528248934429 -0.504391474742204 0.338103685062106 0.272530661960441 0.793773938906116 0.543737043252411 0.0187856030878657 -0.285984770269765 -0.486671954434936 -0.242567951385741 -0.0210501032141287 0.616135334026222
-172.581501482522 18.0393670763303 -117.974613204077 0.945371615773079 -0.31756648854682 -0.0736480376021039 0.26320003507152 0.610236195089703 0.747219865729488 -0.041481638254072 0.199488902751861 0.375669059378087 -0.0182677643648404 0.127715311032811 0.0471451400763969
-172.308029883557 18.0492034076505 -117.392405928165 0.819162130739689 -0.00873610076607872 -0.573495496150944 0.488811486080381 0.533726521857357 0.6900719751895 0.0639854113746806 -0.269270485673461 -0.0871155610437844 -0.199771275734539 -0.318096744710968 0.155038779222475
-172.000201697982 18.149983860799 -117.044167741841 0.56820571698117 0.297579961218813 -0.767195170651461 0.684364411613127 0.346810118247185 0.641379835977707 -0.821368700197156 -0.504732423469684 -0.296637827081231 -0.0232649561421187 -0.183671707419152 -0.0596676489415692
-171.511775772936 18.0911023491323 -116.806947554155 0.104953306212426 0.744014532241691 -0.659869062260277 0.60232277491357 0.480428122073271 0.637492034727938 0.0448829490896063 -0.236388702040037 -0.703786559971182 0.0245403374141591 0.0251964805961757 -0.199263796397721
-171.030196031374 18.2450814417398 -116.790826490001 -0.330395620380572 0.855804032341517 -0.398042952784418 0.657564293278202 0.511247315940789 0.553385383027848 -0.497550263507998 -0.148413701057317 0.0477743172709421 -0.0950721685417732 0.243958098898223 0.103289197704512
-170.618678515212 18.4548296152575 -116.884741257512 -0.65157017263384 0.648330000335264 0.393858503525294 0.752990334166318 0.489797680918522 0.439435761424734 -0.169846873208402 -0.100680964211242 0.407062066902985 0.15514466353432 0.414137186835861 0.0151025717495429
-170.165806113185 18.880880111922 -116.782549536672 -0.828632151492492 0.210545124774619 0.518690184933707 0.557108647742106 0.40080381014283 0.727314416456839 -0.375618779519969 -0.0543509511398653 -0.0590508925225033 -0.00248732534174205 -0.419462470835802 -0.645152790806472
-170.036782299004 19.3575848554061 -116.558600865748 -0.714976388674288 -0.350974778309207 0.60466971863082 0.482051017256005 0.378954515098402 0.789949550445461 -0.359952302924966 -0.0975789880817138 -0.423221418620425 -0.577555868103431 -0.0266405813007901 -0.0992463337943179
-169.943159290959 19.6700536144495 -116.201067328627 -0.30511147289092 -0.858825016437428 0.411493110819108 0.460474697993766 0.245178848103978 0.853141480031276 -0.23370301947842 0.148259299831108 0.265586979200656 0.312426824434073 0.0828276721964498 0.0733531724209186
-169.004775270632 20.4502667997322 -116.761351391021 -0.574833667407205 -0.265662756048047 -0.773944154874329 -0.818270215469988 0.187009804911482 0.543563416117815 0.351349936780733 -0.0184951786535735 -0.519870505774648 0.364181100604176 -0.448696663669411 -0.39707449800673
-169.292599625869 21.1037584992834 -116.337400063528 -0.295854595199737 0.928757545811046 -0.223337143346648 -0.775716707184782 -0.0971575342293329 0.623557538433202 -0.0859030510990495 0.393029928924185 0.0244364569028855 0.335900260463876 -0.30013717338681 0.0995923189165813
-169.343550928053 21.285061147426 -115.922884974359 -0.774132122104277 0.251133170317744 -0.581077953714032 -0.620721489765839 -0.121052019422375 0.774629744288613 -0.0262713132712672 -0.241275140658908 -0.0538217603055286 -0.115081888206027 0.0935924597145614 0.0142456256235031
-168.543761027356 21.6462949936044 -116.153729445382 0.425454846108131 0.396531666100141 -0.813480676908157 0.0871222654169825 0.87677213702103 0.472948549645932 0.0351864915479424 -0.477778930059008 -0.151619797643116 0.0865758562002352 0.746741255612449 0.307745632966965
-168.33013397326 22.0179134658459 -115.96670491463 -0.490593762584173 0.499980915592889 -0.713678389862267 0.288530517691516 0.86601846745322 0.408365221818216 0.109165670065456 0.187173096322916 -0.697252188859577 -0.135887192375507 0.522873242729802 -0.0159413010155988
-167.926567787802 22.3447420962809 -116.05886141343 -0.91308355259779 0.405151908317577 -0.0461557922911559 0.363458121992517 0.859940718590611 0.358329672323596 -0.124728583681136 -0.250513267918961 -0.0461859988026057 0.0926129436166874 0.000715343137664827 -0.278597164663878
-167.700921958398 22.8310976056372 -116.053673319351 -0.95683408872462 0.230151279972524 0.177479336773425 0.212795148438776 0.970707109879226 -0.111561335734388 -0.0822859519154739 -0.0993993480604822 0.220149537925522 -0.148058010067699 0.35987907823174 0.0848174804408916
-167.893547162596 23.2694724252928 -116.315309435025 -0.366293587392525 0.178402295590824 0.913236896299662 0.255221937727732 0.963070793674723 -0.0857695101609031 0.601876971433634 0.609623939716693 0.383960491772145 -0.0555274464382792 0.037261365500443 0.599337111499115
-168.092359923766 23.7166475534367 -116.206029353542 0.523845917942846 -0.137012461355092 0.840721737370954 0.00413520498765063 0.987376598297473 0.158336203106619 -0.337245817747194 0.188287804184625 0.0999457656178486 -0.280333607617135 -0.384890041377461 0.398061733354714
-170.809514848421 18.9437126330435 -115.769493761074 0.668754489806011 0.369866891344964 -0.644954196087687 -0.680152136761168 -0.0459921841998407 -0.731626810506384 -0.0846805109790993 -0.240644429201672 0.0312869583168629 0.00541795019620307 -0.0789782715642328 0.301102203527897
-171.141178603685 19.2273744668242 -116.134348965093 0.787888296502394 -0.321732519541813 -0.525090676077791 -0.590510136625731 -0.152782570439321 -0.79243628432336 -0.179412128040207 -0.569319278864085 -0.341801434233296 0.143427172069909 0.195378767745708 0.451720379027675
-171.231231816385 19.387522490627 -116.5889600202 0.52094146198674 -0.811125185155473 -0.265887057205909 -0.463293325664242 -0.00705900814695348 -0.886176881214438 0.142522592646086 -0.396143374722435 -0.293166909537294 -0.0929856711979391 0.387153310081735 0.289926346043261
-171.410827676997 19.3046364448465 -117.178396480683 0.309757397658098 -0.90021905352502 0.306032694767402 -0.563496784422651 -0.433056679182265 -0.703514951199305 -0.347344705162033 -0.135604291157472 -0.224442607510504 0.0181034587032571 0.0977968297278349 0.192808026108199
-171.47803870042 18.9698514032931 -117.635905478026 0.0358746902344466 -0.75843123838588 0.650764983109143 -0.41504738050908 -0.603675124863996 -0.680670269332361 0.511173577695812 -0.553250197881928 -0.160852580510387 -0.0462269853991814 -0.272361543968101 -0.247416213447841
-171.326919809888 18.5987459339812 -117.958399026152 -0.479830592856752 -0.507826689799296 0.715454160157188 -0.365547368853792 -0.625596059056598 -0.689205841542948 -0.0555515208341508 -0.141992307094395 0.364068854329609 0.0945979081902377 0.0919644039442588 0.505619099892413
-171.325627847337 18.0702447518763 -118.088203265829 -0.805329957369222 -0.0672268087709265 0.589002729998907 -0.30126217072235 -0.809286514466822 -0.50427813951608 -0.226092147169483 -0.287167915403098 0.183223164044747 -0.0551194219104727 -0.130514138418127 0.153829491534042
-171.48149137006 17.6461254751417 -117.981519939545 -0.931136819005116 0.358936143238067 -0.0644132701422205 -0.265610013935884 -0.788565974562669 -0.554630529505009 0.510083685726029 -0.0654763624912225 -0.0755723122142499 -0.495777780586199 0.0184636577176267 0.285597139583218
-171.686388557894 17.2092172345135 -118.054089716334 -0.739693044645461 0.604397871841732 -0.29590101759932 -0.405395494006587 -0.751184482067453 -0.520937968802627 -0.11562290995179 0.11885220242792 -0.204187935694529 0.136262366683309 0.274969673219499 0.14911882796875
-172.04823970117 16.8985747435913 -117.898479396318 -0.375366919995383 0.546166031559402 -0.748867372332266 -0.472258375853972 -0.807905561045794 -0.352506213941045 0.283754190539424 -0.376960649088993 0.0943485598102834 0.463324664046707 0.241327605451373 -0.43430827308061
-172.567573362426 16.8437785423869 -117.962560792567 0.0894878948052263 0.233763332872509 -0.968166628679002 -0.604667937965822 -0.759674991249225 -0.239312750321939 -0.200483235154408 0.334769886499071 0.0761019927267863 0.451930155389858 0.407002114240778 0.15838476299329
-173.040674725994 16.7153900848709 -118.25522842822 0.690786360824344 -0.200177439116802 -0.694797234139357 -0.513098516619987 -0.812753198799051 -0.275974908432419 0.265295935826137 -0.06882447212301 0.0973142910537757 0.303759174046218 -0.0421320225665205 0.0342855001398199
-173.381788925583 16.5564681241534 -118.646645288624 0.890258836174387 -0.362202781192036 -0.276131037571257 -0.436304622526493 -0.852169216505203 -0.288870044834908 0.19245553050132 0.0715165320292292 -0.823578840423376 0.479552590236612 0.47653329436604 -0.408492483373541
-173.511651226197 16.2344101163907 -118.991524574699 0.892160374461913 -0.407186504924949 0.195573557637486 -0.328456737917468 -0.88198523904667 -0.337961846101602 0.377328881106807 -0.279253614684716 -0.374082236583352 -0.297648502640339 -0.327351371476065 -0.245724921240455
-173.491392470909 15.8438777557085 -119.450205820434 0.578871884972882 -0.372787493399375 0.725215020220178 -0.251867128924748 -0.927631457454332 -0.275794902977476 -0.269678904266232 0.465569025219696 -0.272413197237067 0.372275532858477 -0.111486697673013 -0.178751316196133
-173.318200330383 15.3699385209022 -119.60190971132 0.148568361890378 -0.285062821665236 0.946924827823974 -0.181155433473154 -0.949193077884547 -0.257323162228382 0.0290400290317061 -0.223791620073405 0.409780044171154 -0.842863779501637 0.020478537205228 -0.085533093627673
-172.990473100995 14.9677164506086 -119.604102765678 -0.510468924909681 -0.185620632947213 0.839622806577948 0.198367262785961 -0.975507132187231 -0.0950592662850431 0.0594573273229396 0.359026310720976 0.0712956237382772 0.145999028308951 0.205610147353253 -0.0236492340778339
-172.792390895051 14.5040078188707 -119.314289978626 -0.958758348626605 -0.0791986521785285 0.27296520370166 0.0707261409770468 -0.996662796997626 -0.0407563745119979 -0.404355651756169 0.0874346957222208 0.0767543210386977 0.396925977020244 0.0712529824078577 0.101446253234687
-172.783082104187 13.945436100491 -119.12424227141 -0.971096888108831 0.110149026806434 -0.211749913338688 -0.112252122100348 -0.993677536265229 -0.00210119152709422 0.353220610505356 -0.122700258551093 -0.22913651109292 -0.170243597377103 0.482762465644079 -0.585039927935476
-173.003176463087 13.513666416242 -118.831664952205 -0.729776728905347 0.0683305427094872 -0.680262348569462 -0.0675366520073169 -0.997331451033872 -0.0277268356347086 0.337668412301762 -0.0270052809662807 0.211343025907265 -0.159849873725306 -0.12335987416631 -0.400943276720824
-173.367755875265 13.1491727492154 -118.909406104442 0.0686494975109879 -0.257077437973797 -0.963949395651202 -0.446007740780947 -0.872202921221711 0.200846108689684 -0.0833158856714037 0.0923228352882952 0.280408727024995 0.226446990676967 -0.333840039409604 0.251267023818052
-138.432146409084 86.6978683788293 -101.529382435481 -0.694454032676266 -0.109017948134313 0.711230401124879 -0.719500053459537 0.0951858067812878 -0.68793846764018 -0.155375192510521 0.0202434966501474 -0.192230033536488 -0.0801894358597598 0.0372229178439107 -0.00065071514294274
-138.275873291135 87.4117822309367 -100.686986859931 -0.248234370953393 0.527304297758695 0.812606838909557 -0.625363464088438 0.553408677659761 -0.550144865716461 0.0918755832725328 0.0232439155144854 -0.388077014532904 -0.229191733745196 0.242233622800614 -0.311373864162231
-137.467727393368 87.6911273004666 -101.04956081803 0.331068569822178 0.734319278134532 -0.592594971153044 0.772897120929007 -0.571298500082995 -0.27613052033879 -0.101088428105677 -0.430297279997826 0.138394297069039 -0.371019240152798 -0.0415709922807764 -0.126655743876254
-137.204617983287 87.4396190528847 -101.406378068835 0.534387922427242 0.759197382023514 0.371549301563788 0.84511009802684 -0.48760292882223 -0.21916273866022 0.932644647305499 -0.451294355564292 -0.017911921223443 -0.193138376807374 0.0528181311500832 -0.140737907237219
-137.575765616167 85.827712572107 -101.118991111498 0.636865059704921 -0.467533345397748 0.613037899862836 -0.731989256975354 -0.117024974810851 0.67119064575066 0.0759758662617233 0.297196531551114 -0.314670793846413 0.299610059973243 -0.154101577059483 0.38180040727518
-137.905728176632 85.4577551371963 -100.877174837899 0.656515113278375 0.245594414541145 0.713211952776504 -0.717169937361299 -0.0898155476226342 0.691086426107789 0.225636473476722 -0.302856737338033 -0.548297459073203 0.105092222812602 0.317012365211196 0.630818174930786
-138.086056230787 85.1944290817658 -100.492396767888 0.329504379988636 0.836750170612339 0.437351135300376 -0.571705447823336 -0.191819035917615 0.797720714529061 -0.168515678262184 -0.176546484129204 0.534659961645266 0.282063825745872 -0.135163520531582 0.333149308205496
-138.082703463134 85.0948405381121 -100.033035422568 -0.122452428213004 0.990965442186517 0.054707359804863 -0.440267673362692 -0.10363976446465 0.891864998199567 -0.0311101312864874 0.0864951215589901 0.100464646269901 0.181012571872619 0.374404063502499 -0.186984060481108
-138.932773855843 83.9374514496267 -99.9759554739042 -0.675769337214246 0.222124299709202 0.702848915742007 -0.145784117760986 0.894405769288457 -0.422830120582929 0.142385379979059 -0.347635443898323 0.0806743480787706 -0.454173830139899 0.273931797166094 -0.622256447389834
-139.358404576057 84.1544210449138 -100.215872162043 0.174372442241741 0.499023358998927 0.848863910506319 -0.167803396336399 0.864520572481994 -0.473757532851326 0.224986168682405 -0.121126363095832 0.177132656814813 -0.355679913274138 -0.0919182542898259 -0.274241346336642
-139.586661043183 84.6560913495798 -100.228642194948 0.923045857212754 0.24007447178032 0.300583754520721 -0.013292496408143 0.800804341756705 -0.598778519790791 -0.058540143624135 -0.0822386875633738 -0.232224597706308 0.194079009033348 0.0990348328150552 0.101857323524455
-139.524413841662 85.1599602906322 -100.238170991841 0.846552578400924 -0.368955354721387 -0.383693469093705 0.147703523044782 0.855325832494343 -0.496589759809862 -0.00124185821612414 -0.791469600301664 0.215209488215129 0.374084981389623 0.0379293835483435 -0.286316361753281
-140.978509189648 85.0108283717442 -101.112405644044 -0.610224244888663 -0.758575387679929 -0.228450765278443 -0.663593052002939 0.331911467754206 0.670431979328755 0.233103066672959 0.43049157427345 -0.485773481572946 0.297216083492159 -0.404250235344484 -0.654906148268886
-141.420404415377 85.233579372573 -101.120420270671 -0.142786794529089 -0.91707196289816 0.372278049546605 -0.745215771129538 0.347146246171132 0.569335523421032 -0.28152059750993 -0.00136001684481385 -0.0692567692499132 0.480935070886783 0.492870135772481 -0.374737217057233
-141.958031663351 85.1892334811252 -101.056545203766 0.315577963099546 -0.61785021258137 0.720188630859372 -0.896145911782003 0.0554811008850044 0.440277585440131 -0.337776256721226 -0.233228164396978 0.0453662425344434 -0.112892056184937 -0.058082800045724 0.257611358855282
-142.346914241533 84.9667552680035 -100.957382225176 0.369295612942709 0.055057299479043 0.927679602036901 -0.924837305649271 0.119616224127671 0.36106497615365 0.326311638335739 -0.296179820589399 0.00444506751826507 0.255095293677057 -0.00780528175081548 -0.0134883652300183
-142.710256882142 84.7795375231489 -100.743561952991 0.176184114053992 0.836654458223611 0.518621707499373 -0.960602813571433 0.0310876702867551 0.276180722199773 -0.15353015059416 0.690872606499654 -0.0745466984138767 0.903076851621223 -0.204035614607945 -0.095308446479187
-143.062648782592 84.6931415339982 -100.311854384609 0.146827816201971 0.971281344276355 -0.187227515739746 -0.905013144048622 0.208304414260004 0.370891466737947 -0.185790560951492 -0.29376471965889 0.20162140080271 0.555770033352819 -0.214515934473892 0.0590922001595273
-143.520692637134 84.9187519810639 -100.050015718707 0.424028897649601 0.685535492413956 -0.591811272787886 -0.836179780017183 0.547343409190523 0.0349079920091219 -0.0986538812156679 -0.0631772907714389 -0.0874959826808251 0.119226883690922 0.473225500444524 0.244894800242197
-143.630063699942 85.3432235362983 -99.9870435614957 -0.279159982230245 -0.166476692167138 -0.945703555711988 -0.852131740504675 0.49694687902553 0.164058819486358 -0.0298515299206016 -0.000398849296795475 -0.879625125940774 -0.473256614575556 -0.519182054892021 0.521246625010012
-144.034602081029 85.6471256829183 -100.196633341817 -0.397484679488375 -0.877579970024452 -0.268065898211441 -0.899461814527283 0.31481574518069 0.303083306689126 -0.144021921147357 -0.0173844164501857 -0.425845494583869 -0.668648425749432 0.138751090127541 -0.328515365567413
-144.516913258177 85.6172390769135 -100.285608056524 0.115499991927458 -0.78988794047848 0.602276343011595 -0.947182360137438 0.095040140401081 0.306288994834966 0.408348955450081 -0.0789834830840264 0.277874954527973 -0.46383907069723 0.0456234687931251 -0.321467639673117
-144.813164119058 85.5204773364044 -99.8879141933941 0.862848829699726 0.193531956600596 0.466944620763702 -0.413825632177021 -0.25997906550348 0.872444400322007 0.286985708838646 -0.242786977955412 0.300979935497007 -0.396844543290412 -0.707974684572946 -0.12274739055954
-144.836435266183 85.1894542263324 -99.5540390391705 0.418783340018836 0.794765675990069 0.439281270248022 -0.461788939386461 -0.230137091664509 0.856614204003487 -0.342020258296144 0.150505664495333 0.0121994575994878 0.605113053011176 0.251849327433944 0.0975480229941868
-145.771189873587 84.93539765991 -99.6761608699079 -0.797986097840348 0.250255764190806 -0.548261105808912 -0.546667277497772 0.0824137934632862 0.833284377844782 0.339457389541709 -0.330260090915272 -0.554385838562728 -0.00331918609504409 0.399332702659197 0.454342499500531
-146.023974900362 85.0111461866355 -100.221600448447 0.590090158515999 0.694091092629861 -0.412348347825535 -0.445548940200632 -0.145953522065247 -0.883280086542679 -0.198656176387676 -0.0646903156471204 0.0693873813474802 -0.280357519116773 0.036242008799084 -0.240711002495743
-146.320975276185 85.2132458873324 -100.600788372534 0.895021593605111 0.019364225533977 -0.445602259588118 -0.439295998897281 -0.134585680083744 -0.88820364785855 -0.00404580259564927 0.135280798932988 0.223403618405636 -0.134956067998523 0.299506422104086 0.243993935930505
