t = 1
b = 30 30 30
E = -0.842920679901975 -1.12840221600502 0.285481536103044
-175.352498505282 18.4624115913291 -127.803557212368 0.698044544534126 -0.71282562583213 0.0679223159438578 -0.570475776197315 -0.496290256584575 0.654410704367897 -0.00178836078401374 0.27337720746582 -0.522470886507794 0.155518058047067 -0.593637666031962 0.282623824252966
-175.70085638145 17.9886304774387 -127.595435979949 0.944099813299901 -0.208771714940472 0.255127249755699 -0.326264456394631 -0.480948118693321 0.813781550306267 0.239104858704074 0.308123552452187 -0.191853385100847 0.428940665637407 0.318702548336847 0.324674605358036
-175.738877351804 17.5652271464774 -127.379740890017 0.852996126968793 0.279995765554142 0.440454286672281 -0.139461925937645 -0.690950842547624 0.70932172136238 -0.0127685451581194 -0.163165419300862 -0.053782563892637 -0.0398562936037883 -0.506481760582171 -0.534640311396921
-175.557841938589 17.1407223092249 -127.172446809233 0.255899108629747 0.695512401228451 0.671400138471786 -0.140804803892275 -0.660301992774897 0.737682374425713 -0.0530691371542658 -0.0604881095791218 -0.535585367792275 -0.434274196659723 -0.200850706020453 0.126264818464362
-175.305245657037 16.7549700006542 -126.817581868439 -0.194261416973191 0.747558777606647 0.635152246236148 -0.00144233068285989 -0.647703978320625 0.761890724546399 -0.179664285655903 0.32101975632485 -0.435288696401606 -0.108888613498838 -0.205963927889516 0.286998845614207
-175.177563875774 16.427475275647 -126.354665441095 -0.465727161309909 0.801632334938691 0.37481170045632 -0.0323707642918867 -0.438699614319742 0.898050545356368 0.213122231691635 -0.150566383076938 0.269850661650887 0.10964157400612 -0.0849256626927758 -0.174155287285356
-174.9813056011 16.5220406735778 -125.864543557855 -0.945056791165392 0.307045894996723 0.112207307417266 0.0244732405161771 -0.275825136576883 0.96089622464186 -0.255598064978286 -0.788956516427497 0.635628319411834 -0.0990699639038085 0.322952001287334 -0.454085534434183
-174.94226939813 16.6232868185532 -125.3472814563 -0.968975014843345 -0.184871551083725 -0.164042464652412 -0.139572250724157 -0.138467858349826 0.98048265616063 0.156485281369819 0.120960242150065 0.388396461336132 -0.0589297762567628 -0.250178875708825 0.0698412561013008
-175.167001173991 16.7128789492509 -124.810281726266 -0.641864680139899 -0.5920131674866 -0.487370641207888 -0.328664667497225 -0.361841721264455 0.872381857383173 -0.110590610003281 0.194438683728817 0.0370069764837422 -0.219611766564266 0.202383921328305 -0.202254963338035
-175.602863472821 16.658685250658 -124.4868613347 -0.0566736469526634 -0.849179083329914 -0.52505521821619 -0.359055299973493 -0.473378817337693 0.80435799670104 0.157575517249271 0.152858863169089 -0.282058081017126 0.62477934400578 0.0975146062579773 0.0985553460605863
-175.997652684674 16.4991284094073 -124.220250132892 0.367077156570172 -0.8249186482456 -0.429841348524092 -0.622372351215452 -0.561236888734988 0.545587583404921 -0.156799026086682 -0.250678423207274 0.0851194416277592 0.0872001325834792 0.426780396776919 -0.0175966395917907
-176.339500238029 16.1576730338529 -124.141730163393 0.82466381523693 -0.537625395300528 0.175751319104071 -0.518940206076 -0.595540982552856 0.613214481741728 -0.36587047583127 -0.0994099870783564 0.156786743934471 -0.483221737305113 0.0931299805799554 0.22307760843763
-176.537163144214 15.7028431218493 -124.117450072907 0.798172696900013 -0.102416479268753 0.593659170482149 -0.52749794294901 -0.594787969131521 0.606607939249861 0.257816886687866 -0.334341980981615 0.165588127224698 -0.0786581736827786 -0.691034457960666 -0.526041670129469
-176.627559390825 15.229023702518 -123.978251304671 0.467151388923095 0.42836055840715 0.773483556275334 -0.414483364536062 -0.666634678388389 0.619517349307406 0.631071469385839 0.136503428494538 -0.671448654557727 -0.0136142452873276 -0.138969024680386 -0.179678005834873
-176.536305343162 14.849215460105 -123.606963677215 0.0480233104800287 0.782189033265721 0.621187635010048 -0.368398315170801 -0.564190186447964 0.738899258962362 0.278101456746645 -0.147897986789545 -0.241625416530495 -0.15479443676875 0.951283047498515 0.32437430307858
-176.492741890457 14.6499471295787 -123.066968934445 -0.419287912766616 0.893077931987408 0.163124043613782 -0.305941513112233 -0.308168968865793 0.900795025065521 0.0267238722800487 0.345640657612056 -0.7524316952482 0.156257377881715 0.251468192702191 -0.202169970135413
-176.437629126885 14.6570451890365 -122.514844586086 -0.818401016104378 0.533783718872094 -0.212825558395597 -0.443097972850524 -0.350353819906019 0.825176579486486 -0.27411556726735 0.0538919197071072 0.100972099382396 0.213745762985871 -0.191968210570982 -0.387015913706962
-176.571727308937 14.7469088325176 -122.029758769479 -0.792423388063151 -0.00463276503001716 -0.609953860171975 -0.541783057372672 -0.454077760555922 0.707307928778151 0.285164923668425 -0.332122057593527 -0.0643783286439382 0.783789833441103 -0.285890739408909 -0.1859965416528
-176.915300586035 14.9022972000097 -121.695107539119 -0.633780208841954 -0.376548775491388 -0.675672751083085 -0.680127542018459 -0.144794863411528 0.718652192731342 -0.0253589726288046 0.446056079557783 0.397850179698798 0.219635933193466 -0.0293494847179617 -0.0342420382498995
-177.405428451343 15.0051579467763 -121.448314680541 -0.211812011649422 -0.84730485124067 -0.487042257699524 -0.646530498448619 -0.252234393236364 0.719983420256649 0.283855838969012 0.0687711970143808 -0.300659788411102 0.320002619022454 -0.0267929770501985 0.131186744820946
-177.814674900662 14.8779965190179 -121.3056959814 0.351218984723983 -0.916286557478801 0.192520568649436 -0.712334686964262 -0.128054851252163 0.690058873443645 -0.0449103024673179 -0.0822173134941489 0.728557129945676 0.00669010277421596 -0.374671786035231 -0.0216689225982252
-178.155778526382 15.7093797758376 -120.325740858083 -0.567962358424297 -0.25996191036703 0.780921612309094 0.108027796543661 -0.96414641264279 -0.242387479383654 -0.404950349116175 -0.623917354827801 -0.140361796805294 -0.251774331059684 -0.138368289505785 0.208636523388515
-177.999734518103 15.3257320369179 -120.085846059732 -0.931685568622544 -0.345082289306659 -0.113491034127646 0.35849687777566 -0.923887381015436 -0.13383607819098 -0.510848478191237 -0.194075996774822 -0.162057619851639 0.0401496772133516 -0.227705203883135 0.165981394072558
-177.152602230837 16.3477910891633 -120.139494566403 0.151294158815806 0.786153726406836 -0.599226498049663 -0.952930416496918 -0.0451334696757357 -0.299810925801644 -0.296209780766688 -0.152866739443809 -0.214491242078255 -0.747508054632074 -0.475079260196132 0.167243979994904
-176.959915102697 15.4190242883575 -119.16744133425 0.577515019932142 -0.801390914208778 0.155720918236428 0.374801636043125 0.429725452802315 0.82149848985451 0.580011942745466 -0.0952921452096847 -0.4525334750202 -0.577368198514311 -0.154315981045115 0.274696622893365
-176.426860570931 16.3812080243816 -119.709702019064 -0.728608380474671 -0.379234386982806 -0.570360506725223 -0.62894409491998 0.700184927609777 0.337891095788833 -0.253657447783593 -0.106508926616762 0.446819689699632 0.0352206912732169 -0.055276717064593 0.0264978371083541
-175.70348223354 15.6313092313498 -118.573899280936 0.583257091301964 -0.22876475984825 0.779408654107423 -0.501252074500834 0.65367938935936 0.566965266780411 0.385811501807015 -0.0806725439325894 0.0345742820510693 -0.0913145971786439 0.0103672251710155 0.76021032179748
-176.304667975689 15.5568027351741 -118.202821753102 0.0679005907693363 0.742486687658925 0.666410555455458 -0.888976414396901 0.348235013288252 -0.297411012180384 0.00307816230422629 -0.222672183064967 -0.0460045545493762 0.339522700302092 0.263923945659541 0.100891424717038
-176.837558045532 15.5276004842665 -118.156531254764 0.285909384485563 0.955773065410997 -0.0689468730106834 -0.933484395720584 0.261542210388549 -0.245362089841212 0.413393144300841 -0.414161124784367 -0.475221216766018 -0.748686246287831 -0.0618300149051053 -0.120167951156065
-177.253479334513 15.7128845834584 -118.046544169467 0.457471892993692 0.522349997597587 -0.719631813589817 -0.889223827138527 0.269341202532552 -0.36977872013872 -0.159668366717831 0.235513561698778 -0.0641811449997125 0.497525827797283 0.159756274848879 0.458925104694828
-177.78568261824 14.0772043801451 -122.072912185031 0.378152391633501 0.734808219993893 0.563078723209525 0.450916520894406 0.38501037156895 -0.805258532999696 -0.439822454442234 0.579850738753519 -0.0744738870493893 -0.316808552439407 0.180093713887655 -0.00673535871297554
-177.684787952887 14.4544012002725 -122.510581259242 0.567714742146534 0.386116436164573 0.727058504711323 0.583995469044199 0.433578293598752 -0.686264639520237 0.320674591046238 0.726409003209447 0.286974511845651 -0.535730525050013 0.422707338183042 0.248086503353064
-177.569409968977 14.9064998121429 -122.701849688374 0.814268658670404 -0.233708713902083 0.53136314188447 0.563761679100119 0.536540475738818 -0.627930797996226 -0.187589151585316 0.488345561081014 -0.110542267195522 0.247322027818453 -0.0185846975375506 0.377004299977724
-177.320495610324 15.4005538841445 -122.712289732221 0.715431346033931 -0.690356793728334 0.10754295172262 0.60878314194815 0.540418163380053 -0.580802285436852 -0.0332041322220829 0.203508016715756 -0.0453824831404369 0.103095652329743 -0.640726150249766 -0.490577199917716
-176.996287838983 15.7351857543741 -122.890293648942 0.346670789011463 -0.911375659363609 -0.221841771462716 0.694352187122649 0.40835521403814 -0.592554688957786 0.434032789083312 -0.127816959065345 -0.121669176464414 -0.335085001856886 0.280830568031648 0.193602377370089
-176.441099820276 15.8030038520652 -122.896737909051 -0.201960868387301 -0.795842127361718 -0.570830198882839 0.65220325655366 0.325524048214929 -0.684591123353615 0.150579001745788 -0.0948611169824208 -0.432588294968271 -0.505952103090807 -0.126527539918157 0.334176948065636
-175.954311245664 15.6920525702432 -123.086897919356 -0.612839449577388 -0.347612487449926 -0.709643126938153 0.592692552150514 0.391750563511865 -0.703737901930433 0.0942170000317133 -0.0988052788952714 0.153475379220183 0.0951350521730845 -0.0188020466294975 -0.013904042043349
-175.570116959292 15.5814000683761 -123.44418625423 -0.845020627580803 0.112801036432205 -0.522700741479068 0.516719654652889 0.423831922020653 -0.74388661795443 0.425649918245331 0.239546579295365 -0.12336924385314 -0.116930641516265 0.248402884011418 0.10936906735478
-175.388123987111 15.4578869266664 -124.044304627875 -0.858098379477234 0.474690300151753 -0.195796552779622 0.425580984138587 0.444111728687852 -0.78844505095886 0.454173497414692 0.104948056608985 0.378534049749749 0.330894154343455 0.279711150595156 -0.267740383455688
-175.346709385844 15.5130737294271 -124.505250276136 -0.585480599382282 0.778081384092819 0.227600148231864 0.199928296552543 0.410660211043697 -0.88959927343897 0.218067858331407 0.405427187848689 0.162506668880911 0.333291695432928 0.196576042373046 -0.573363740161057
-175.605820392313 15.5887082978656 -125.007808632111 0.0354754798169492 0.901624080019618 0.431063230466872 0.0939355112525727 0.426416722316097 -0.89963598119179 -0.171066254644109 0.182015495327833 0.00258437088843767 0.469805742340757 0.0591726922365612 0.132512165719557
-175.862682970397 15.8322478597379 -125.382049037302 0.596412406457672 0.68616005768525 0.41650524205674 0.0591556475821503 0.479909546024433 -0.875321333564857 0.191261719303607 -0.0913833094766218 -0.0736757054196874 0.317782692027348 0.190311301946458 -0.178999886246396
-176.058588098217 16.2761818772664 -125.559886502417 0.940038459193765 0.297483505795545 0.166827033229639 -0.100735427019531 0.709472616160345 -0.697496222686394 0.525790869373391 0.187903890467489 0.488706392045361 -0.11284329990412 0.567561082188979 -0.37548894593904
-176.114900137701 16.7972224391521 -125.687888429864 0.980970058377703 -0.131084199986399 -0.143229456049976 0.00170237366809047 0.743469856289795 -0.6687672799355 0.486429311857637 0.36461917053219 0.319497461462029 -0.0232973032131462 0.203296179298789 0.117288986560071
-175.937025042571 17.291652379531 -125.890597261815 0.629570895495321 -0.631515012623548 -0.452580684935074 0.0976515303153983 0.642212743851265 -0.760280849595786 -0.450576279935246 0.340162387722042 -0.453580578995689 0.138536783710034 -0.344130397027397 -0.357768663555351
-175.529519730874 17.6824590938444 -126.061683724795 0.197784521169041 -0.789726531909273 -0.58070068708801 0.386656121053874 0.607222891195417 -0.694101868935571 0.403740635354712 0.0745897403281265 0.00949040775766502 0.0919081261826807 0.0256085002851481 0.0846724709512869
-175.138643200787 17.9343373894729 -126.396598914524 -0.4306023286465 -0.662117665176137 -0.613336638418018 0.336213372972225 0.512976969391594 -0.789819724182966 0.205135672170387 -0.193014339705609 -0.41574051402156 -0.308290775103097 0.0709556822192954 0.0368513875577548
-174.771699586535 17.8712150317755 -126.771484793143 -0.778261995115474 -0.276170257305226 -0.56394880613301 0.470076383762258 0.339221617933631 -0.814835497113061 -0.237180578499027 0.296531815528123 -0.213511146517699 0.503645131417236 -0.21883252757236 0.115915377243076
-174.541728028193 17.736861865023 -127.25603697573 -0.937942803897293 0.216197817711194 -0.271149036941317 0.314546671389413 0.2011357603158 -0.927687877165605 0.0551286230225302 0.208585500961796 -0.0925377409178872 -0.107050095712892 0.282661827925931 0.391688306842635
-174.590410363121 17.5677826380845 -127.769634450407 -0.643705199875563 0.765049666419156 0.0185100936005006 0.249569499695632 0.232727647379743 -0.939974950180462 -0.0495790791622152 0.0981981866979302 -0.520517000642718 0.104959106096678 0.204467629908621 -0.223259356424539
-174.689284032978 17.5841201063567 -128.244429365697 -0.0387559528463917 0.926868038526613 0.373381326898918 0.454807499992345 0.349076336302472 -0.819326460810559 0.298735657076438 0.142487663313154 0.0028894683099949 0.0713466198067138 -0.0965570493221737 0.120559645202192
-159.136302734167 48.8792245601768 -100.378712671924 0.749972710393336 -0.661265458102938 -0.0163990117136966 -0.462108968904974 -0.506039102770053 -0.728271740029272 -0.146056332570117 0.432015963702226 -0.326322810332477 -0.134857528909572 -0.0391376486682581 0.576820189772109
-159.095953083621 48.7875730367332 -100.842912835287 -0.0238887382565953 -0.840801561286385 0.540816108046797 -0.519501220181551 -0.451753613620563 -0.725284188998108 -0.156979040731255 0.0766565004038341 -0.132239118982222 0.395792390237807 -0.0849588899502071 -0.15720188840823
-159.118270716634 48.3265673215466 -101.119163258445 -0.708847186557364 -0.263040768827144 0.654480878287925 -0.514845426662761 -0.441300868236706 -0.734974646051119 0.165197576445095 0.595228554075906 -0.256944722972142 0.00997112335386499 0.57982674194221 0.423846702468984
-159.199421326744 47.8985900875898 -101.269818431152 -0.931436921465643 0.360757566334634 0.0477413831274081 -0.242504082556877 -0.517526017870079 -0.820584298394008 -0.342872881742193 0.169394571136619 0.208263842569732 0.447922602191429 -0.153678861651789 -0.317487473648186
-158.037930885367 48.5511641312078 -102.207320852716 0.67122889640653 0.535142961626005 0.512907183855928 0.610938516143969 -0.791249922581772 0.0260324702274948 0.100715013783302 0.043660251747438 0.69111343151324 -0.594378975932849 0.364760356248586 0.140443178877156
-157.666954274212 48.363785306501 -102.314717689398 0.311932650197853 -0.0696907020867127 0.947544842096248 0.751543882327135 -0.592053807634571 -0.290953745124653 0.026920899128326 -0.116542451979803 -0.13282946308345 -0.265122326193107 -0.328839236094887 0.0056561331000835
-157.163277988414 48.3622442647484 -102.286889617877 -0.169445024896343 -0.753827585633728 0.634848292645969 0.804433817520888 -0.47793380768307 -0.352796695991237 -0.110522535388989 0.0543903670242017 -0.076656865791871 -0.608114450780529 0.0316527718122711 -0.0582372843593352
-156.711700247589 48.2518164839868 -102.205352318847 -0.395052183004137 -0.834426047832381 -0.384274567727944 0.908058501426193 -0.291327535012583 -0.300928605039647 -0.236854737719812 0.105623702181068 0.259953128067403 0.55386318241486 -0.210703764708737 -0.213380022932355
-155.932041193337 48.464308122229 -102.223824691417 -0.489204089037819 -0.269771880624311 -0.829398873698958 0.354993786278594 0.807034869096584 -0.471883599805977 0.0435545888611646 -0.289411550952228 -0.259590040507877 -0.0182856143651982 -0.397324065226618 0.174240786496739
-155.532620448339 48.609134408439 -102.53813018405 -0.847754055290729 0.159297966687067 -0.505902381440816 0.365826897606033 0.866252218401231 -0.340261333540691 0.30996440418218 0.386186405790336 -0.370864725893858 0.428587906804483 -0.142951440876446 -0.456155722567031
-155.352089820697 48.9096200227816 -102.8638618635 -0.923976035428618 0.366638431625569 0.108832653228501 0.254543694829519 0.801921483313652 -0.540490001778542 -0.114683977529389 -0.00883994508000619 0.244899803349329 0.242046983087954 -0.330078333509445 -0.324018099718935
-155.351650726055 49.3314182115534 -103.238575631462 -0.363322012313095 0.512215185124185 0.778224080517277 0.36780823866821 0.846314649509967 -0.385316251399563 -0.465739383618831 0.169249950021276 0.00177817172767754 -0.11413040929588 0.0564801689617538 0.123511411697142
-155.479297789461 49.7633638737587 -103.509673538356 0.32582729317736 0.185798819552689 0.926992650280218 0.3073078461712 0.906442826526278 -0.289695167237339 0.197106574351189 0.051234383995419 -0.230204394258899 0.505968951955592 -0.298515293158889 -0.535075657566065
-155.588327864537 50.2552020049509 -103.421469257329 0.840184616576022 -0.0954892495469914 0.533827325349645 0.200377680268876 0.969377335640228 -0.14197311857221 0.28787997488441 0.175128657531113 0.119521674654903 -0.0129012338661628 -0.403548361724566 0.38152789184201
-155.474138604216 50.6218164723495 -103.118647742377 0.815726155636182 -0.167796524652907 -0.55356586358393 0.146702472799242 0.985724785924149 -0.0826137451601043 0.504524955517962 -0.335904828050686 0.661846862782721 0.446257594586264 0.194710501987776 -0.116627490616293
-155.181368317515 51.0226021375382 -102.955220173574 0.232621773755534 -0.0783680281818611 -0.969404746498446 0.316427448716393 0.948616412211986 -0.000756426398063087 0.415394780132736 0.286343238969413 0.178324547646819 -0.137927354952477 0.541427786379293 0.476060874411828
-154.791152580307 51.3224436442922 -103.077656928536 -0.601139267615977 0.150799356791462 -0.784787318272543 0.224249565990351 0.974409068474446 0.0154628402275724 0.282568170074433 -0.148556049345239 -0.320967632568893 -0.0797841492569476 -0.324301555105054 -0.155851935116308
-154.68984765426 51.7138404643725 -103.29114589692 -0.969861196908715 0.12306293904418 0.210296865798338 0.114233823446698 0.992002799852902 -0.0536756803846278 0.334286946109851 0.298015791094103 0.317048389281519 -0.00882007169335063 -0.562804514068319 0.232680181366165
-153.973695174948 52.0149621335541 -102.986408902795 -0.446758305352387 0.587968783567289 -0.674314263640526 0.888873084059787 0.377262140589364 -0.259957530592928 -0.234164181252779 -0.112103283967158 0.184143373399843 -0.410234276729085 -0.277858662052452 -0.164086227735013
-153.693068901818 51.8711705595462 -103.299002806608 -0.179364685353988 0.9793904558551 -0.0928581963415395 0.96682609775365 0.1580369395932 -0.200677907170832 0.0478758945843591 0.390362235796023 -0.246305457603977 -0.239027599153492 -0.13976624184397 -0.237098150701868
-153.821881640303 51.284253365931 -103.75019381466 -0.1999291927497 0.956885168323846 -0.210710921710999 0.904547481790271 0.262909486750966 0.335667178859095 -0.0432338614083831 -0.556017169225065 0.419611816418549 0.303644510324442 0.0895387733920743 -0.463513776114761
-153.287237711222 51.4730919934547 -103.879576335443 -0.574946588855536 0.708482471773775 0.409254208472809 0.773889955751942 0.308539835354752 0.553080018067477 0.294903440952162 0.191865930964662 -0.12293528139929 0.519489747646761 0.499612148054911 0.790603020963835
-152.870327012689 51.7810523243649 -103.779803380885 -0.673284790790519 0.0615415957725448 0.736817631765103 0.730603780095643 0.208487425033655 0.650193132932664 0.13566889859458 -0.0370544360217349 0.0187288583915243 0.241885056739721 0.374938836653633 0.185689152331268
-152.148502695798 51.8535462614547 -103.750780619954 -0.526636926498397 0.517189706418338 0.674661659814188 0.778536256316674 0.612134897504417 0.13846358675722 -0.0417036289306459 0.201251634346813 0.112851075993267 -0.137411197297883 0.251850776155789 -0.29615024227828
-151.957954965662 52.2313542293159 -103.807448366043 -0.049091136654764 -0.0544895490734265 0.997306848138384 0.75869940206273 0.647369740372101 0.0727161368625671 -0.00726448375141222 0.00734987805206683 -0.184461575251755 0.234809657518385 0.285374399229423 -0.183501201826987
-151.845815346968 52.7193320157689 -103.812735152348 0.373828091723083 -0.559958143150786 0.739391260266039 0.839507279600095 0.543191114505719 -0.0130744262008632 -0.194952387112593 0.274085441157498 0.776923143907095 -0.0909064909696463 0.249047973072007 -0.187668789191225
-151.534204691106 52.9874721709715 -103.536549570199 0.537409403650626 -0.843065016524237 0.0207968935389104 0.80256367608298 0.518854675550948 0.294417002720792 -0.00283166934890078 0.146966937035632 0.187935005439446 -0.11424866754283 -0.226150232780385 -0.547385803989475
