t = 1
b = 30 30 30
E = -0.890785293533973 -1.19374878422955 0.302963490695578
-177.386273241374 18.2132701438152 -114.316703318135 0.672893996547093 -0.705285230703396 -0.223128691033984 0.630521101996419 0.389090490721355 0.671603848982 0.0210426729197604 -0.1632094262094 0.17549086052304 -0.459972766471995 -0.509872991997399 -0.0893837430000478
-177.184842400462 18.1329931802179 -113.838567370728 0.823025668991313 -0.216547983381682 -0.525105436150425 0.567997416288174 0.318281023118212 0.758996788802682 -0.114480198720659 0.0386429682600924 0.0182889391212442 0.0807089023638967 -0.0156956504649018 0.574061368763181
-176.91504350422 18.0995806551406 -113.460572386274 0.661942274532859 0.147818619978626 -0.734834730244753 0.700206778125245 0.227890968025375 0.67659158623199 0.251803855251033 -0.342529836745406 0.0646385118448812 0.22590476743671 -0.0933791063610964 0.125588348026375
-176.524279922567 18.0525003255376 -113.136879897439 0.432519475472838 0.528218826512884 -0.730692667716088 0.747085688342437 0.243744888549275 0.618426554717703 0.0286764580400083 0.105000242657316 -0.253061523834846 1.01532096495889 -0.0929608645603182 0.278596899806263
-175.944954835632 17.9442589862623 -113.082312421894 0.00886918888471096 0.906507629163342 -0.422096263614336 0.705117701686485 0.293634905437433 0.645435952730492 -0.267511875132027 0.264971033187996 -0.355190086211343 0.0560951968751262 0.0287014360150649 -0.0774859386560327
-175.37336211132 18.034006215502 -113.064869295216 -0.457140056220902 0.888865711483268 0.0306710930306322 0.753372981514418 0.368667180851307 0.544530679105619 0.647656357741432 -0.206608297308942 0.0304732990520328 -0.265375483413729 0.070720234443655 0.155716709658144
-174.954496489214 18.2775087971321 -113.068567101214 -0.665595661254259 0.644287862884388 0.376663729949372 0.745950778588112 0.55861419578633 0.362639788481327 0.0889298017594754 -0.274516439245337 0.506453174901192 -0.332001288890621 0.525483414850235 -0.0997546223998354
-174.70525917914 18.6704617028183 -113.132803978241 -0.555556885935612 0.307418654194624 0.772560882741737 0.613654258967905 0.778550289952779 0.131483445592954 0.469857613107903 -0.256745035210072 -0.0565159841588632 0.148954982516889 0.351184455738873 0.0988716020064718
-174.644747639209 19.2041810808018 -113.066852708732 -0.272292604620908 -0.201937981999229 0.940785729534011 0.586711312624904 0.740097210099591 0.328673021772041 -0.337724691035116 0.0414278549640771 0.362373157824359 0.315876142599948 -0.0571471977555683 0.0112930004967615
-174.598196409693 19.6532877559 -112.833805605846 0.0255074506541672 -0.518749481473705 0.854545695344542 0.374979141117937 0.797372847497665 0.472850066934456 -0.143290468977063 0.345227794325449 -0.266264717880748 0.442371830269315 0.0277560828397501 -1.3961070474157
-174.631112903526 20.0709298684047 -112.495674029921 0.559899771839453 -0.742813170419938 0.367070619016028 0.567072644156095 0.666549842298883 0.483880071899174 -0.146252942849537 0.0850982476510266 -0.26158794920736 0.506765182271339 -0.0295375986310596 0.134234116766841
-174.46057652281 20.2849889968812 -112.011657657859 0.71224619670811 -0.69452833903827 -0.101664849124832 0.596252774999332 0.522210487231326 0.60973669344334 0.0489595063959909 -0.270753402456951 0.578170245947591 0.077073353362191 -0.598498607945423 -0.0540606657601465
-174.295746782393 20.3089624004795 -111.520765333733 0.819748275480351 -0.320966157037187 -0.474334787764686 0.568173802397318 0.559945164092203 0.603025657397038 0.156016116428848 0.233613084965092 0.310614300735242 -0.528390845547508 0.588161182960505 -0.144415398991744
-173.966710673837 20.3516733217938 -111.179689093741 0.618434815594751 0.191569778987133 -0.762128203545248 0.617619800674241 0.481160499210721 0.622117638244087 0.371337619342655 0.136323334059879 0.0856352921429776 0.114118836455135 -0.20595958405555 -0.176335189235435
-173.614087424709 20.5026460786841 -110.88270644555 0.44470994354949 0.282749231415182 -0.849874071990865 0.795939247369151 0.310385386805316 0.519751504235576 -0.310543291784687 0.636276116192983 0.0987543264928099 0.0516246489364534 0.0930068070053368 -0.116200835194462
-173.098441730288 20.4098350769983 -110.789988474339 -0.0696293116672205 0.823727730409706 -0.56269386446879 0.84336842627052 0.349874430156468 0.407820525099794 0.294653189770797 0.128866681693311 0.0606549229221876 0.111210844584709 -0.536633938098036 0.652818138539021
-172.618688749678 20.4435467802548 -110.840254857661 -0.319997048705223 0.942760547456599 -0.0938319720526086 0.898151884014978 0.333387093717361 0.286663982709788 0.0282907522384939 -0.218029828801033 0.52324995808331 0.576500601028544 -0.121319902137216 -0.0463039528530754
-172.170216397319 20.7397165039978 -110.956044293111 -0.686642683211566 0.640278826403 0.344332470226115 0.726607357142112 0.588950733715312 0.353806135903763 0.105618549278047 0.640571518560049 0.0198717188478123 -0.363036831466079 -0.323225550151959 0.733100630490666
-171.882442880844 21.1380542290899 -111.036798107772 -0.658236820863789 0.272826169376325 0.701633928029833 0.607870158541757 0.742432036898154 0.281582209916889 -0.272726540468393 -0.328173827927183 0.0600740247175108 -0.293628345636592 0.299006148470963 -0.34967675694974
-171.856766576019 21.6152723885201 -111.066126381828 -0.143902837422785 -0.037150693123036 0.988894230634475 0.665668139579307 0.735787575394755 0.124509324324447 0.342055157775148 -0.372611533546324 0.139301178404828 0.165563351997777 -0.026007356085935 -0.0295780803464307
-171.6111178586 22.0463261887672 -110.940840022637 0.456624882558964 -0.578355517007063 0.676016725070842 0.69960348191937 0.702837015521636 0.128744311326501 0.20736203624131 -0.307137110443029 0.141133340879502 0.850836905698735 -0.233014459605428 0.230582246522625
-171.207929487118 22.6700764394233 -111.218532199762 -0.897119208228946 0.35642690666036 -0.261030623558226 0.186592141400533 0.841256532155794 0.507415825406313 -0.376234305609554 -0.15383219781064 0.518460925380809 -0.300977484209688 0.263829240019663 0.115063577743943
-171.084438069669 23.1902187994574 -111.036591904848 -0.976915904012238 -0.209966680266141 -0.0393612711426697 -0.198984285638678 0.827350746211407 0.525258028793747 -0.100354338143614 -0.161205659930443 -0.210601464579063 0.406803194923938 -0.195326950373383 -0.619089503596704
-170.577265667979 23.6398585806994 -111.454960829596 0.452768514734309 -0.820162983722055 -0.349761850689043 -0.766555678967014 -0.157701486790713 -0.622513158180145 0.12737910541427 0.293983474359837 -0.218401742508184 0.220656416472655 -0.656971917455191 -0.205491360175847
-170.807820960925 23.659633127551 -111.958722194173 0.24129587997815 -0.970324232749619 0.0157220114626676 -0.710980827795266 -0.187783787817703 -0.677675078146152 0.146973551657163 0.0884489926415716 -0.129073650519535 -0.286899348715775 0.262568847017452 -0.126502174346551
-170.91302679258 23.5368354700132 -112.452000388405 -0.318716822900387 -0.824411001224809 0.467724371676089 -0.667262180022936 -0.155317630420879 -0.72844877430845 0.0584056970896375 -0.359319147411401 -0.0546754554960466 0.0477461230633839 -0.102449736213923 0.0437144270012371
-171.114935726947 23.1459322485529 -112.802882682424 -0.564663860497253 -0.223934053323366 0.794360286274752 -0.746167232782391 -0.272787933177812 -0.607306515883411 0.0591665300235855 -0.104707209321293 0.120298799553405 0.19344687518668 0.226295868380623 0.170845597247737
-171.271533809206 22.6964385961026 -112.890403872226 -0.867373545169888 0.265936025875818 0.420643748652937 -0.493257982892496 -0.571550730664533 -0.655763924434444 0.421023179909273 0.0419248710431198 -0.287455523005189 -0.252007481473333 -0.0695099558963704 -0.207800111718252
-171.610323642781 22.4513258367389 -113.215008179931 -0.554464924010585 0.506161696083466 0.660582307861666 -0.830753297525173 -0.383543616960194 -0.403414492228703 -0.224469098635346 0.433781206106602 -0.131496333860643 0.104126191287454 -0.311081110795547 -0.346586752374174
-172.082501005897 22.2289579623634 -113.109606903351 -0.197834165210679 0.978982365363163 -0.049549686006464 -0.837642541929997 -0.195094456806884 -0.51018930297712 0.00934577323235266 -0.546146562442636 0.466969770395929 0.0381089665361676 0.122111792075742 0.519025228732525
-172.105910905903 21.5196145678598 -109.868801830859 0.229243507469784 0.157800411188532 -0.960492813357644 -0.741873814463119 -0.610486095643009 -0.277362525299463 0.488071594928067 -0.0347367500406488 -0.561438955533976 0.183815825281515 -0.201513809902045 -0.0215997418553353
-172.569678954569 21.4965660823304 -110.137809858353 0.550953512682296 -0.318534380227878 -0.771353405045885 -0.810295739200782 -0.42533805660373 -0.403123247453704 0.0925432516477111 0.286555345648364 -0.310250011240409 -0.292379073232129 -0.327284116831755 0.200515532567174
-172.905381999464 21.4946829198881 -110.530507007858 0.556864949087968 -0.761772028939647 -0.331066163179554 -0.768449463523599 -0.32121775199565 -0.55344789981818 -0.70039431571566 0.345661409740937 -0.300458934971003 0.376871333657826 0.148950203962738 -0.2154987687755
-172.961433859241 21.5799315986924 -111.006360802467 0.228684037801551 -0.963789623934417 0.137161115667435 -0.620581124232838 -0.252881305291986 -0.742246666331166 -0.03696733200902 -0.166007454411786 0.219582858564233 -0.466213579965169 -0.54112608502264 -0.362038301061252
-173.126988551905 21.3723790478203 -111.491754388586 -0.00302467664933296 -0.822181357398508 0.569217591855271 -0.667568659754935 -0.422150190619918 -0.613303596167972 0.112508935773475 -0.103771622118607 0.0837277918480679 -0.200490345500519 0.245272353264958 0.267752429248726
-173.088835318655 20.9450601948594 -111.817722476771 -0.496357716810251 -0.480261626869281 0.723172031206811 -0.470107190884509 -0.551618982952459 -0.6889961732297 0.108836586999711 0.359018296916505 0.24533793451272 -0.358905778534558 0.809542564676637 0.00414833329835013
-173.203315050818 20.497307965753 -112.08279586012 -0.605068576694731 -0.133428548913771 0.784913268986694 -0.423616765869423 -0.78077571638449 -0.459279997799401 -0.254518176834824 0.252424248222209 -0.273380123310165 -0.0921013724469301 -0.19350657789623 -0.00227987871553988
-173.307346188883 19.9755856795123 -112.155365566749 -0.805360669869057 0.292321895253777 0.515695744585219 -0.48270333604393 -0.828361121325799 -0.284280393358259 0.568589851146692 -0.600896722203893 0.0471213599491059 -0.00780813350308471 0.210437786498726 -0.186320402647141
-173.56274272713 19.5748488159784 -112.03793937486 -0.782252221971845 0.60972806763959 -0.127722921797946 -0.567600134855809 -0.782087920266892 -0.257232524934692 0.26453649481612 0.0654819963750878 0.300714636578681 0.335870322816047 -0.0513995845021639 -0.178677642340612
-173.960086976321 19.2451574332585 -111.975977390238 -0.523269792295421 0.642122006998375 -0.560239281556982 -0.603435859310893 -0.74341196219377 -0.2884507205138 -0.0958734041652193 0.65961886348588 -0.0233503415367456 0.663760344203567 -0.295553248266339 0.0331829607658892
-174.458934304231 18.9617633339248 -111.892128222464 -0.218224575401992 0.631246843860555 -0.744248249448199 -0.745726177376756 -0.599794250110448 -0.290067795367735 0.23889619064316 -0.218198527300684 -0.0541509103681695 0.338657512271626 0.127829880285232 -0.320825267347344
-174.966120505587 18.9510094147088 -111.937144690287 0.311847410350864 0.130404011427154 -0.941140789925272 -0.845578951853063 -0.413633653674765 -0.337495832167954 0.114765415622435 -0.233285973112099 0.396496804138715 0.191675365707859 0.265527268340668 0.0626943579285859
-175.405683261306 19.0299102013879 -112.209192303919 0.576857018537301 -0.229945237876957 -0.783811946669586 -0.813435962003816 -0.249286529815434 -0.525526556675784 -0.257917737117689 -0.52128976408306 -0.260005165543184 0.449347300107252 -0.306806539504413 -0.190374526600143
-175.653551847387 19.1996458862317 -112.661634764531 0.504342215680407 -0.772065300458048 -0.386722253447095 -0.797956395213269 -0.245549622385013 -0.550427991916129 0.24907784898235 0.610320681531348 0.192770361281467 0.0927248350307051 0.297115471625957 -0.00319349261595093
-175.936759315209 19.1143746253759 -113.062599250005 0.503889223239769 -0.863648647746217 0.01437581124499 -0.592152806956639 -0.357508036624531 -0.722179380045045 0.14381117924882 -0.148947244435287 -0.30828594592798 0.0868836133816807 0.491175608799988 -0.628880579417063
-175.939465960669 19.0092565794432 -113.559174936628 -0.0486177016457948 -0.890171677168812 0.453023955495894 -0.624205341376959 -0.327002178330606 -0.70953313323869 -0.0790194277601808 -0.0743874152730684 -0.00555890664649772 -0.171549061721338 -0.246781859182353 0.453509229833666
-176.042635269227 18.7427189661003 -114.006923690871 -0.36232031521939 -0.624034496594942 0.692318522241619 -0.45785370489178 -0.527826045888577 -0.715380772874488 -0.372929508989233 -0.127856421317313 -0.434936043373466 0.270989877914056 -0.302256769641174 0.0988875038940718
-176.054386951786 18.3009791586688 -114.288877891719 -0.713819678747077 -0.227476115400091 0.662356462304026 -0.431835588213667 -0.601608313647082 -0.672001087575661 -0.125274895876912 -0.109230417068928 -0.125713318491371 -0.221771593375924 0.153370953158577 -0.313106118840575
-176.16570727689 17.8047875424408 -114.4316015787 -0.860420550314203 0.236893025189129 0.451174213817397 -0.499101337503046 -0.570423610804606 -0.652314923284226 0.0835261995983946 -0.255156171385776 -0.122327249807218 -0.457361598490481 0.220720228411714 0.314813801332464
-176.587635629608 17.4395184509224 -114.688565019107 -0.612263238994443 0.731012354197415 0.301255147983878 -0.691428474386094 -0.310233346902661 -0.652443051367468 0.172555393275227 -0.0772264589291033 0.208620777164562 0.0425592239143377 0.342850428997813 -0.140044167299182
-177.02699852593 17.1621140699767 -114.674128447979 -0.239102571658486 0.875227478711856 -0.420484031485127 -0.755310430271559 -0.439782153261256 -0.485898972622792 -0.117984891069297 -0.232727244166192 0.767465108674238 0.421448371040378 0.103002187253788 -0.188020270854068
-101.935867214262 46.0812844284664 -109.505336807537 0.390576019649736 0.210521763629442 -0.896175741644974 -0.426344043624024 0.904170238886984 0.0265882601418783 0.288633206096126 0.251217235199367 -0.108048384373344 -0.68210221155913 0.0928222259277656 -0.436776348578594
-102.156886882698 46.7148861657095 -109.429689911121 0.405115359087495 -0.185213345817132 -0.895308640839925 -0.145451448247893 0.953736965011052 -0.263115331697143 -0.178593354555939 -0.236862708352444 -0.0484271127035632 0.724706989059116 0.249750220756959 0.246506439817457
-103.51253332364 47.2882387361065 -108.670927109284 -0.952979500091702 0.141742721081282 -0.267841508033099 -0.248488127255173 -0.871407950014754 0.422967889164535 0.20973715376469 0.377451896367836 -0.529719746858497 -0.0124742258945714 -0.447999244531435 -0.536984181618384
-103.838988427097 47.0069452895693 -108.308915248082 -0.353122349794188 -0.266613295233281 -0.896784230950056 -0.266928352167742 -0.88998431548144 0.369698759811345 0.0302033492454318 0.494745701207723 0.4648635247647 -0.0243082276341002 -0.0821482745775432 0.535800850450547
-104.232306249236 46.6783808909037 -108.180657438395 0.357958280747914 -0.441350109724821 -0.822846249240942 -0.270734877240063 -0.892441545169181 0.360902638812539 -0.438756546005659 -0.276028772763572 0.0503143596646255 0.0153689641239984 -0.080532697064236 -0.0691880464466777
-104.069958135068 46.1083877558012 -107.823497811179 -0.878150927068944 0.162332319573063 -0.449999074787918 0.0569945249307389 -0.898463556746654 -0.435333046443834 0.0402871696716097 -0.163386851328347 -0.167446080616562 -0.298500170403161 0.113286752614807 0.0897982090841439
-104.037337631849 45.5663809632271 -108.01459501646 -0.683663741551011 0.488296889965692 -0.54237444237197 -0.188417024686495 -0.836087346698012 -0.515225167766257 -0.210425472956883 -0.29502292668671 -0.110675691199412 -0.698705096178832 0.389560445054578 -0.177494695672878
-104.350731477299 45.1795782803194 -108.246277508956 0.113496338263403 0.675940718137022 -0.728163942230874 -0.264624457680153 -0.685859504903687 -0.677916393024063 0.627223675951584 0.092050802904969 0.0426602908257383 -0.299754164735149 0.181027997358614 -0.154649104958512
-104.742540617009 44.9776986970518 -108.221585176635 0.438206955990836 0.363765854580942 -0.821978750797271 -0.784908897620982 -0.290794000206893 -0.547135149555471 -0.0465365852065828 0.190281886712801 0.0102884218042116 0.231943005155551 -1.0889483240636 0.591051223972709
-105.128197666806 45.1755729176527 -108.486738190134 0.526872832508006 -0.47676329062277 -0.703634694340422 -0.847640387203693 -0.355651726556727 -0.393722774777371 -0.389441742594504 0.0914235731032961 -0.19592369797526 0.0185352200232372 0.676796316787138 -0.0718723713930417
-105.326220163477 45.1301538373476 -108.930305010078 0.458663420228159 -0.887223377016851 -0.0496240488011696 -0.749012311686395 -0.35595755082978 -0.558815514234767 0.426753476622132 0.129291400114551 0.0295873183767493 -0.374979170862387 0.268402721295306 -0.234410069617856
-105.35341510239 44.9184584066635 -109.388074728355 -0.146714655508797 -0.807620273194345 0.571160488990987 -0.736114634482101 -0.296564296136525 -0.608428190634137 -0.421696400288008 -0.260501434770307 0.683392502034951 -0.154186462978048 0.0280826763184775 0.2095930701414
-105.624241001533 44.7343130102597 -109.85776843037 -0.317600472201779 -0.573394582008416 0.755214269847042 -0.572423734830609 -0.51901310287695 -0.634788521355433 0.142993418787534 -0.331613933670668 0.179925157747213 0.312813967481453 -0.730098195761265 -0.18001774439947
-105.694713725783 44.3425159295983 -109.924975783231 -0.938983173894126 0.025644216173641 0.343005791963567 -0.234923546419335 -0.776207768754606 -0.585074719213503 0.512735776518195 0.344530462950537 -0.0693814422986863 0.417122702035675 -0.174783896910049 0.0150562383428494
-105.794530879208 43.8640982920763 -110.014634456494 -0.774946161329307 0.629599867836546 -0.0553394385694021 -0.546253568555316 -0.711246051876826 -0.442420718920588 0.18953094464413 -0.11118589925608 0.0366884256043232 -0.186776205257218 -0.0808095917111363 0.230243283032851
-106.177570679513 43.574952451686 -110.010646881075 -0.0973329138819468 0.717627346333487 -0.689592122685291 -0.469362638107282 -0.644089347333894 -0.604026180392845 -0.200033388188457 -0.251429653917461 0.139118167319759 -0.12784672528749 -0.230438057360927 -0.163614503748604
-106.59269004655 43.4474153644232 -110.14759659109 0.583252614883996 0.142289712770698 -0.799731220392585 -0.435347675964719 -0.776438193196584 -0.455649133849437 0.0539264404967312 -0.15904626640074 0.158480627194452 -0.280739114654807 -0.138624909275463 0.064327434853172
-106.909510535084 43.4236983409374 -110.473275588661 0.811979006138008 -0.479678022027035 -0.332564412971931 -0.581153468311239 -0.611369250217083 -0.537111055703399 -0.141498863968014 0.261364282206434 -0.16703041820859 -0.0103796542605407 0.0965441707855258 -0.278189613457814
-107.148269767544 43.2052504930355 -110.82865205556 0.619981328088175 -0.618558550608538 0.482709511291302 -0.601796210554497 -0.769638085096371 -0.213303865251989 0.234926078091478 -0.183316838333982 -0.0255252686356101 0.0795689791285529 -0.375926439115597 0.13128595074072
-107.222661798415 42.6808900847806 -110.995166018419 0.0666063783055027 -0.108772900651454 0.991832670591614 -0.81914024321578 -0.573539022375959 -0.0078899782269447 0.0399135433215357 0.040522477848471 -0.251985113045219 0.566794106325509 -0.665176008249975 -0.149344717927684
-107.428655806308 42.1851302780452 -110.852975553627 -0.422044816225027 0.668383386399892 0.612488221831405 -0.859854581186133 -0.509209809625573 -0.0368166945054682 0.33207466299532 0.0986086458724359 0.207469377969273 -0.112310002233666 0.555060223171607 0.589942920920899
-107.741624648337 41.9037649552586 -110.594731452816 -0.539873933927702 0.827062313402803 -0.15653774373688 -0.840495551211853 -0.539800775093616 0.0467156462163881 -0.474586760657952 -0.557899184177717 0.0219402544917826 0.183775895207413 -0.136762451249998 -0.540319503441226
-108.072558699465 41.8474383211183 -110.355866012941 -0.450951114916495 0.349509221853537 -0.821271207211664 -0.779468836131688 -0.602479689229726 0.17159999290549 0.20623653830927 -0.209033650654896 -0.595857575926989 0.343560291821449 -0.730069509629028 0.0969574313360488
-108.554060819728 41.727554349199 -110.181465171049 -0.0802680377728459 -0.0103356376659445 -0.996719728261729 -0.912037541045974 -0.4026934435906 0.0776241857410282 -0.0734488032187292 0.283470409869713 -0.474715739992602 -0.161368729548803 -0.373137259329974 -0.0224583402966037
-108.987890081455 41.9753253707092 -110.208486310328 0.0187414804480289 -0.701155372416765 -0.712762162745556 -0.964156137483365 -0.201389181850277 0.172758038848654 -0.281418828324585 0.118029417587915 0.155380905366282 -0.300929184723094 0.560768135700252 0.292685996271651
-109.461138592216 41.9586336885616 -110.395663787529 0.101952092357901 -0.993432040324471 -0.0519475901328027 -0.99144020259767 -0.0971888557190214 -0.0871817125154022 0.086442655131083 0.458395414427378 0.0172687029656226 0.0132397101730972 0.24218570375053 -0.317660322544485
-109.811677862398 41.7558212438299 -110.597767009385 -0.11591439500212 -0.598199706465965 0.792919267148507 -0.990980095895979 0.0156018578355441 -0.133097827067447 0.145401328633692 -0.498416775676103 0.114808927261633 0.704724502722578 -0.541510235853292 0.318091130964177
